名称	道具种类	具体类别	详细类别	动画文件名	对应物件索引	宽度	高度	说明文字	五行属性	价格	等级	是否叠放	基础属性1类型	基础属性1最小值	基础属性1最大值	基础属性2类型	基础属性2最小值	基础属性2最大值	基础属性3类型	基础属性3最小值	基础属性3最大值	基础属性4类型	基础属性4最小值	基础属性4最大值	基础属性5类型	基础属性5最小值	基础属性5最大值	基础属性6类型	基础属性6最小值	基础属性6最大值	基础属性7类型	基础属性7最小值	基础属性7最大值	需求属性1类型	需求属性1数值	需求属性2类型	需求属性2数值	需求属性3类型	需求属性3数值	需求属性4类型	需求属性4数值	需求属性5类型	需求属性5数值	需求属性6类型	需求属性6数值	魔法属性索引1	魔法属性索引2	魔法属性索引3	魔法属性索引4	魔法属性索引5	魔法属性索引6	所在套装
梦龙之正黄僧帽	0	7	0	\spr\item\equip\cap\obj-ma-cap03-3.spr	28	2	2	黄金装备	1	99999	10	0	30	360	360	31	85	85																36	90	32	160	39	0							2	171	323	173	6	155	1
梦龙之金丝正红袈裟	0	2	0	\spr\item\equip\armor\obj-ma-cloth03-3.spr	22	2	3	黄金装备	2	99999	10	0	30	720	720	31	90	90																36	99	32	260	39	0							2	40	170	307	6	324	1
梦龙之玄丝法带	0	6	0	\spr\item\equip\sash\obj-sash06.spr	33	2	1	黄金装备	0	99999	10	0	30	160	160	31	80	80																36	95	32	135	39	0							2	309	172	311	6	31	1
梦龙之佛法玄佩	0	9	1	\spr\item\equip\waist\obj-waist18.spr	36	1	2	黄金装备	4	99999	10	0																						36	80	39	0									129	130					1
梦龙之达摩僧鞋	0	5	0	\spr\item\equip\boots\obj-shoes04.spr	26	2	2	黄金装备	3	99999	10	0	30	160	160	31	80	80																36	85	32	135	39	0							2	104	6	311			1
伏魔之紫金棍	0	0	2	\spr\item\equip\closeweapon\obj-staff13.spr	11	1	4	黄金装备	0	99999	10	0	28	69	69	29	128	128	167	-10	-10	31	99	99										36	99	32	180	39	0							48	43	51	71	113	155	2
伏魔之玄黄袈裟	0	2	0	\spr\item\equip\armor\obj-ma-cloth03-2.spr	22	2	3	黄金装备	4	99999	10	0	30	720	720	31	90	90																36	90	32	260	39	0							2	306	175	307			2
伏魔之乌金软绦	0	6	0	\spr\item\equip\sash\obj-sash07.spr	33	2	1	黄金装备	3	99999	10	0	30	160	160	31	80	80																36	85	32	135	39	0							2	309	177	79	6	31	2
伏魔之佛心软扣	0	9	1	\spr\item\equip\waist\obj-waist19.spr	36	1	2	黄金装备	1	99999	10	0																						36	80	39	0									129	130					2
伏魔之普渡僧鞋	0	5	0	\spr\item\equip\boots\obj-shoes05.spr	26	2	2	黄金装备	2	99999	10	0	30	160	160	31	80	80																36	95	32	135	39	0							2	104	323	311	6	325	2
四空之降魔戒刀	0	0	1	\spr\item\equip\closeweapon\obj-blade24.spr	10	1	4	黄金装备	0	99999	10	0	28	40	40	29	114	114	167	-20	-20	31	99	99										36	99	32	135	39	0							2	43	48	71	113	155	3
四空之紫金袈裟	0	2	0	\spr\item\equip\armor\obj-ma-cloth03-1.spr	22	2	3	黄金装备	4	99999	10	0	30	720	720	31	90	90																36	90	32	260	39	0							2	306	178	317			3
四空之护法腰带	0	6	0	\spr\item\equip\sash\obj-sash08.spr	33	2	1	黄金装备	3	99999	10	0	30	160	160	31	80	80																36	85	32	135	39	0							2	309	177	79	6	31	3
四空之软皮护腕	0	8	1	\spr\item\equip\bangle\obj-bangle18.spr	34	1	2	黄金装备	1	99999	10	0	30	135	135	31	80	80																36	95	32	110	39	0							2	326	323	311	6	179	3
四空之戒律法戒	0	3	0	\spr\item\equip\ring\obj-ring06.spr	37	1	1	黄金装备	2	99999	10	0																						36	80	39	0									129	130					3
撼天之金环大眼神锤	0	0	4	\spr\item\equip\closeweapon\obj-adha04.spr	13	2	2	黄金装备	2	99999	10	0	28	55	55	29	165	165	167	-30	-30	31	99	99										36	99	32	235	39	1							57	51	46	69	110	73	4
撼天之武神镶金甲	0	2	4	\spr\item\equip\armor\obj-ma-cloth15-3.spr	25	2	3	黄金装备	0	99999	10	0	30	720	720	31	90	90																36	90	32	260	39	1							2	306	180	317			4
撼天之威武束腰环	0	6	1	\spr\item\equip\sash\obj-sash16.spr	33	2	1	黄金装备	4	99999	10	0	30	160	160	31	80	80																36	95	32	135	39	1							2	309	191	79	318	31	4
撼天之虎头紧束腕	0	8	1	\spr\item\equip\bangle\obj-bangle18.spr	34	1	2	黄金装备	3	99999	10	0	30	135	135	31	80	80																36	80	32	110	39	1							129	130					4
撼天之乘龙战靴	0	5	1	\spr\item\equip\boots\obj-shoes09.spr	26	2	2	黄金装备	1	99999	10	0	30	160	160	31	80	80																36	85	32	135	39	1							2	104	192	311	319	190	4
继业之奔雷钻龙枪	0	0	3	\spr\item\equip\closeweapon\obj-spear04.spr	12	1	4	黄金装备	2	99999	10	0	28	18	18	29	158	158	167	30	30	31	99	99										36	99	32	165	33	165	39	1					57	51	46	69	110	73	5
继业之玄武黄金铠	0	2	4	\spr\item\equip\armor\obj-ma-cloth15-3.spr	25	2	3	黄金装备	0	99999	10	0	30	720	720	31	90	90																36	95	32	260	39	1							2	306	185	317			5
继业之白虎无双扣	0	6	1	\spr\item\equip\sash\obj-sash17.spr	33	2	1	黄金装备	4	99999	10	0	30	160	160	31	80	80																36	90	32	135	39	1							2	309	188	79	318	31	5
继业之火云麒麟手	0	8	1	\spr\item\equip\bangle\obj-bangle19.spr	34	1	2	黄金装备	3	99999	10	0	30	135	135	31	80	80																36	80	32	110	39	1							129	130					5
继业之朱雀凌云靴	0	5	1	\spr\item\equip\boots\obj-shoes10.spr	26	2	2	黄金装备	1	99999	10	0	30	160	160	31	80	80																36	85	32	135	39	1							2	104	189	311	319	186	5
御龙之亮银宝刀	0	0	1	\spr\item\equip\closeweapon\obj-blade24.spr	10	1	4	黄金装备	2	99999	10	0	28	40	40	29	114	114	167	-20	-20	31	99	99										36	99	32	135	39	1							57	51	46	69	110	73	6
御龙之战神披挂甲	0	2	4	\spr\item\equip\armor\obj-ma-cloth15-3.spr	25	2	3	黄金装备	0	99999	10	0	30	720	720	31	90	90																36	90	32	260	39	1							2	306	187	317			6
御龙之天门束腰环	0	6	1	\spr\item\equip\sash\obj-sash18.spr	33	2	1	黄金装备	4	99999	10	0	30	160	160	31	80	80																36	85	32	135	39	1							2	309	182	79	318	31	6
御龙之迅风护腕	0	8	1	\spr\item\equip\bangle\obj-bangle20.spr	34	1	2	黄金装备	3	99999	10	0	30	135	135	31	80	80																36	95	32	110	39	1							2	327	183	311	319	181	6
御龙之绝命指环	0	3	0	\spr\item\equip\ring\obj-ring07.spr	37	1	1	黄金装备	1	99999	10	0																						36	80	39	1									129	130					6
无间之倚天剑	0	0	0	\spr\item\equip\closeweapon\obj-sword24.spr	9	1	3	黄金装备	0	99999	10	0	28	46	46	29	86	86	167	0	0	31	99	99										36	99	32	110	39	4							2	43	48	71	113	157	7
无间之清风缁衣	0	2	7	\spr\item\equip\armor\obj-fm-cloth03-2.spr	24	2	3	黄金装备	4	99999	10	0	30	720	720	31	90	90																36	90	32	260	39	4							2	306	193	317			7
无间之拂云丝带	0	6	0	\spr\item\equip\sash\obj-sash10.spr	33	2	1	黄金装备	3	99999	10	0	30	160	160	31	80	80																36	85	32	135	39	4							2	309	196	88	6	31	7
无间之琴韵护腕	0	8	0	\spr\item\equip\bangle\obj-bangle10.spr	35	1	2	黄金装备	1	99999	10	0	30	135	135	31	80	80																36	95	32	110	39	4							2	329	328	88	6	194	7
无间之白玉般指	0	3	0	\spr\item\equip\ring\obj-ring01.spr	37	1	1	黄金装备	2	99999	10	0																						36	80	39	4									129	130					7
无魇之摩尼冠	0	7	7	\spr\item\equip\cap\obj-fm-cap03-2.spr	28	2	2	黄金装备	2	99999	10	0	30	315	315	31	85	85																36	85	32	110	39	4							2	309	195	88	6	31	8
无魇之紫襟袈裟	0	2	7	\spr\item\equip\armor\obj-fm-cloth03-2.spr	22	2	3	黄金装备	0	99999	10	0	30	630	630	31	90	90																36	90	32	135	39	4							2	306	6	317			8
无魇之冰晶指环	0	3	0	\spr\item\equip\ring\obj-ring06.spr	37	1	1	黄金装备	4	99999	10	0	31	80	80																			36	80	39	4									129	130					8
无魇之洗象玉扣	0	9	0	\spr\item\equip\waist\obj-waist10.spr	36	1	2	黄金装备	1	99999	10	0	31	60	60																			36	95	39	4									1	304	57	146	198	200	8
无魇之红缁软N鞋	0	5	3	\spr\item\equip\boots\obj-shoes19.spr	27	2	2	黄金装备	1	99999	10	0	30	140	140	31	80	80																36	99	32	110	39	4							2	320	199	88	8	330	8
无尘之玉女素心冠	0	7	7	\spr\item\equip\cap\obj-fm-cap03-2.spr	28	2	2	黄金装备	3	99999	10	0	30	315	315	31	85	85																36	90	32	110	39	4							2	309	197	88	6	31	9
无尘之清心向善珠	0	4	0	\spr\item\equip\nick\obj-neck10.spr	36	2	1	黄金装备	1	99999	10	0																						36	99	39	4									2	88	331	95	8	107	9
无尘之慈悲玉般指	0	3	0	\spr\item\equip\ring\obj-ring01.spr	37	1	1	黄金装备	2	99999	10	0																						36	80	39	4									129	130					9
无尘之佛心慈佑腰配	0	9	0	\spr\item\equip\waist\obj-waist09.spr	36	1	2	黄金装备	0	99999	10	0																						36	95	39	4									4	158	6	332			9
无尘之踏莎轻履	0	5	2	\spr\item\equip\boots\obj-shoes15.spr	27	2	2	黄金装备	4	99999	10	0	30	140	140	31	80	80																36	85	32	110	39	4							2	104	6	203	201		9
栖凰之凤仪刀	0	0	1	\spr\item\equip\closeweapon\obj-blade24.spr	10	1	4	黄金装备	0	99999	10	0	28	40	40	29	114	114	167	-20	-20	31	99	99										36	99	32	135	39	5							2	43	48	71	113	159	10
栖凰之慧心轻纱衣	0	2	18	\spr\item\equip\armor\obj-fm-cloth14-1.spr	24	2	3	黄金装备	4	99999	10	0	30	720	720	31	90	90																36	90	32	260	39	5							2	306	207	317			10
栖凰之风雪白云束带	0	6	0	\spr\item\equip\sash\obj-sash07.spr	32	2	1	黄金装备	3	99999	10	0	30	160	160	31	80	80																36	85	32	135	39	5							2	309	206	88	6	31	10
栖凰之冰踪锦腕	0	8	0	\spr\item\equip\bangle\obj-bangle09.spr	35	1	2	黄金装备	1	99999	10	0	30	135	135	31	80	80																36	95	32	110	39	5							2	333	204	88	6	205	10
栖凰之翠玉指环	0	3	0	\spr\item\equip\ring\obj-ring08.spr	37	1	1	黄金装备	2	99999	10	0																						36	80	39	5									129	130					10
碧海之鸳鸯连环刀	0	0	5	\spr\item\equip\closeweapon\obj-adsd14.spr	14	2	3	黄金装备	2	99999	10	0	28	62	62	29	92	92	167	20	20	31	99	99										36	99	32	160	39	5							4	304	209	148	6	159	11
碧海之环珠雨链	0	4	0	\spr\item\equip\nick\obj-neck09.spr	36	2	1	黄金装备	0	99999	10	0																						36	95	39	5									2	95	6	107	88	211	11
碧海之红铃金丝带	0	6	0	\spr\item\equip\sash\obj-sash06.spr	33	2	1	黄金装备	4	99999	10	0	30	140	140	31	80	80																36	90	32	110	39	5							2	309	210	88	6	31	11
碧海之红铃波	0	9	0	\spr\item\equip\waist\obj-waist08.spr	36	1	2	黄金装备	0	99999	10	0	31	60	60																			36	85	39	5									1	296	8	39	78	282	11
碧海之纤细指环	0	3	0	\spr\item\equip\ring\obj-ring09.spr	37	1	1	黄金装备	1	99999	10	0																						36	80	39	5									129	130					11
幽胧之金蛇发带	0	7	2	\spr\item\equip\cap\obj-ma-cap08-3.spr	28	2	2	黄金装备	1	99999	10	0	30	315	315	31	85	85																36	99	32	110	39	3							2	302	283	143	6	160	12
幽胧之赤蝎秘装	0	2	16	\spr\item\equip\armor\obj-ma-cloth08-3.spr	22	2	3	黄金装备	2	99999	10	0	30	630	630	31	90	90																36	90	32	135	39	3							2	306	225	317	6	334	12
幽胧之青蜈缠腰	0	6	1	\spr\item\equip\sash\obj-sash20.spr	32	2	1	黄金装备	0	99999	10	0	30	140	140	31	80	80																36	80	32	110	39	3							2	309	227	317	6	31	12
幽胧之银蟾护手	0	8	1	\spr\item\equip\bangle\obj-bangle16.spr	34	1	2	黄金装备	4	99999	10	0	30	111	111	31	80	80																36	95	32	90	39	3							129	130					12
幽胧之墨蛛软履	0	5	1	\spr\item\equip\boots\obj-shoes10.spr	26	2	2	黄金装备	1	99999	10	0	30	140	140	31	60	60																36	85	32	50	39	3							1	127	60	103	86	229	12
冥幻之邪刹毒刃	0	0	1	\spr\item\equip\closeweapon\obj-blade24.spr	10	1	4	黄金装备	2	99999	10	0	28	40	40	29	114	114	167	-20	-20	31	99	99										36	99	32	135	39	3							46	69	113	73	41	160	13
冥幻之幽蛊暗衣	0	2	16	\spr\item\equip\armor\obj-ma-cloth08-3.spr	22	2	3	黄金装备	0	99999	10	0	30	720	720	31	90	90																36	90	32	260	39	3							2	306	230	317			13
冥幻之毒蝎指环	0	3	0	\spr\item\equip\ring\obj-ring08.spr	37	1	1	黄金装备	4	99999	10	0																						36	80	39	3									129	130					13
冥幻之腐骨护腕	0	8	1	\spr\item\equip\bangle\obj-bangle17.spr	34	1	2	黄金装备	3	99999	10	0	30	135	135	31	80	80																36	95	32	110	39	3							2	309	232	317	6	31	13
冥幻之双环蛇鞋	0	5	1	\spr\item\equip\boots\obj-shoes09.spr	26	2	2	黄金装备	1	99999	10	0	30	160	160	31	80	80																36	85	32	135	39	3							2	104	335	336	6	231	13
咒缚头冠	0	7	2	\spr\item\equip\cap\obj-ma-cap08-3.spr	28	2	2	黄金装备	4	99999	10	0	30	315	315	31	85	85																36	85	32	110	39	3							4	337	6	233			14
咒缚颈符	0	4	1	\spr\item\equip\nick\obj-neck17.spr	36	2	1	黄金装备	3	99999	10	0																						36	99	39	3									2	93	234	95	8	107	14
咒缚下戒	0	3	0	\spr\item\equip\ring\obj-ring06.spr	37	1	1	黄金装备	1	99999	10	0																						36	80	39	3									129	130					14
咒缚护腕	0	8	1	\spr\item\equip\bangle\obj-bangle18.spr	34	1	2	黄金装备	2	99999	10	0	30	111	111	31	80	80																36	90	32	90	39	3							2	309	161	317	6	31	14
咒缚战鞋	0	5	0	\spr\item\equip\boots\obj-shoes05.spr	26	2	2	黄金装备	0	99999	10	0	30	140	140	31	80	80																36	95	32	110	39	3							2	104	236	27	6	235	14
冰寒之弹指飞刀	0	1	1	\spr\item\equip\rangeweapon\obj-adart12.spr	15	1	1	黄金装备	0	99999	10	0	28	44	44	29	100	100	167	-20	-20	31	99	99										36	99	32	90	33	110	39	2					2	43	48	71	113	162	15
冰寒之玄衣束甲	0	2	3	\spr\item\equip\armor\obj-ma-cloth11-3.spr	23	2	3	黄金装备	4	99999	10	0	30	720	720	31	90	90																36	95	32	110	33	165	39	2					4	306	212	317			15
冰寒之纵绦	0	6	0	\spr\item\equip\sash\obj-sash10.spr	32	2	1	黄金装备	3	99999	10	0	30	160	160	31	80	80																36	85	32	90	33	110	39	2					2	309	215	317	6	31	15
冰寒玉佩	0	9	1	\spr\item\equip\waist\obj-waist12.spr	36	1	2	黄金装备	1	99999	10	0																						36	80	39	2									129	130					15
冰寒速靴	0	5	0	\spr\item\equip\boots\obj-shoes04.spr	26	2	2	黄金装备	2	99999	10	0	30	160	160	31	80	80																36	90	32	90	33	110	39	2					2	104	214	338	6	213	15
天光袖箭	0	1	2	\spr\item\equip\rangeweapon\obj-adart26.spr	17	2	2	黄金装备	0	99999	10	0	28	46	46	29	102	102	167	0	0	31	99	99										36	99	32	65	33	230	39	2					6	43	48	71	113	162	16
天光项链	0	4	1	\spr\item\equip\nick\obj-neck18.spr	36	2	1	黄金装备	4	99999	10	0																						36	95			39	2							2	317	212	107	8		16
天光纵绦	0	6	0	\spr\item\equip\sash\obj-sash09.spr	32	2	1	黄金装备	3	99999	10	0	30	111	111	31	80	80																36	90	32	90	33	110	39	2					2	309	217	317	6	31	16
天光护腕	0	8	1	\spr\item\equip\bangle\obj-bangle17.spr	34	1	2	黄金装备	1	99999	10	0	30	135	135	31	80	80																36	85	32	75	33	90	39	2					4	339	214	317	6	216	16
天光扳指	0	3	0	\spr\item\equip\ring\obj-ring10.spr	37	1	1	黄金装备	2	99999	10	0																						36	80			39	2							129	130					16
森荒飞镖	0	1	0	\spr\item\equip\rangeweapon\obj-adart04.spr	15	1	1	黄金装备	0	99999	10	0	28	42	42	29	98	98	167	0	0	31	99	99										36	99	32	90	33	110	39	2					2	43	48	71	113	162	15
森荒束甲	0	2	3	\spr\item\equip\armor\obj-ma-cloth11-3.spr	22	2	3	黄金装备	4	99999	10	0	30	720	720	31	90	90																36	95	32	110	33	165	39	2					4	306	212	317			15
森荒纵绦	0	6	0	\spr\item\equip\sash\obj-sash08.spr	32	2	1	黄金装备	3	99999	10	0	30	160	160	31	80	80																36	85	32	90	33	110	39	2					2	309	219	317	6	31	15
森荒玉佩	0	9	1	\spr\item\equip\waist\obj-waist11.spr	34	1	2	黄金装备	1	99999	10	0																						36	80	39	2									129	130					15
森荒速靴	0	5	1	\spr\item\equip\boots\obj-shoes10.spr	26	2	2	黄金装备	2	99999	10	0	30	160	160	31	80	80																36	90	32	90	33	110	39	2					4	104	6	340			15
地魄头冠	0	7	3	\spr\item\equip\cap\obj-ma-cap12-3.spr	28	2	2	黄金装备	4	99999	10	0	30	315	315	31	85	85																36	85	32	110	39	2							2	341	6	307			18
地魄项链	0	4	1	\spr\item\equip\nick\obj-neck19.spr	36	2	1	黄金装备	3	99999	10	0																						36	95	39	2									1	222	221	95	8	107	18
地魄下戒	0	3	0	\spr\item\equip\ring\obj-ring09.spr	37	1	1	黄金装备	1	99999	10	0																						36	80	39	2									129	130					18
地魄护腕	0	8	1	\spr\item\equip\bangle\obj-bangle19.spr	34	1	2	黄金装备	2	99999	10	0	30	111	111	31	80	80																36	99	32	90	39	2							2	309	223	317	6	31	18
地魄速靴	0	5	1	\spr\item\equip\boots\obj-shoes09.spr	26	2	2	黄金装备	0	99999	10	0	30	140	140	31	80	80																36	90	32	110	39	2							2	104	163	224	6		18
同仇之飞龙头环	0	7	5	\spr\item\equip\cap\obj-ma-cap18-3.spr	28	2	2	黄金装备	3	99999	10	0	30	315	315	31	85	85																36	90	32	110	39	6							2	342	237	312	6		19
同仇之降龙丐衣	0	2	5	\spr\item\equip\armor\obj-ma-cloth18-3.spr	22	2	3	黄金装备	4	99999	10	0	30	500	500	31	80	80																36	90	32	110	39	6							1	96	5	39	60	238	19
同仇之潜龙腰带	0	6	0	\spr\item\equip\sash\obj-sash06.spr	32	2	1	黄金装备	2	99999	10	0	30	140	140	31	80	80																36	85	32	110	39	6							2	309	239	321	6	31	19
同仇之亢龙护手	0	8	1	\spr\item\equip\bangle\obj-bangle16.spr	34	1	2	黄金装备	0	99999	10	0	30	111	111	31	80	80																36	99	32	90	39	6							2	304	240	150	8	164	19
同仇之见龙扳指	0	3	0	\spr\item\equip\ring\obj-ring07.spr	37	1	1	黄金装备	4	99999	10	0																						36	80	39	6									129	130					19
敌忾之绿玉杖	0	0	2	\spr\item\equip\closeweapon\obj-staff13.spr	11	1	4	黄金装备	2	99999	10	0	28	69	69	29	128	128	167	-10	-10	31	99	99										36	99	32	180	39	6							46	69	113	73	42	164	20
敌忾之九袋丐衣	0	2	5	\spr\item\equip\armor\obj-ma-cloth18-3.spr	22	2	3	黄金装备	0	99999	10	0	30	720	720	31	90	90																36	90	32	260	39	6							2	306	242	321	6	289	20
敌忾之缠莽腰带	0	6	0	\spr\item\equip\sash\obj-sash05.spr	33	2	1	黄金装备	4	99999	10	0	30	160	160	31	80	80																36	95	32	135	39	6							2	309	243	312	6	31	20
敌忾之狗脊皮护腕	0	8	1	\spr\item\equip\bangle\obj-bangle17.spr	34	1	2	黄金装备	3	99999	10	0	30	140	140	31	80	80																36	85	32	110	39	6							4	343	244	312			20
敌忾之草间石戒	0	3	0	\spr\item\equip\ring\obj-ring08.spr	37	1	1	黄金装备	1	99999	10	0																						36	80	39	6									129	130					20
魔煞之鬼谷幽冥枪	0	0	3	\spr\item\equip\closeweapon\obj-spear04.spr	12	1	4	黄金装备	2	99999	10	0	28	18	18	29	158	158	167	30	30	31	99	99										36	99	32	165	33	165	39	7					46	69	51	73	43	165	21
魔煞战衣	0	2	16	\spr\item\equip\armor\obj-ma-cloth09-3.spr	23	2	3	黄金装备	0	99999	10	0	30	720	720	31	90	90																36	90	32	210	39	7							4	306	245	317			21
魔煞环条	0	6	1	\spr\item\equip\sash\obj-sash16.spr	33	2	1	黄金装备	4	99999	10	0	30	160	160	31	80	80																36	85	32	135	39	7							2	309	247	312	6	31	21
魔煞护腕	0	8	1	\spr\item\equip\bangle\obj-bangle20.spr	34	1	2	黄金装备	3	99999	10	0	30	135	135	31	80	80																36	95	32	110	39	7							4	344	248	321	6	246	21
魔煞上戒	0	3	0	\spr\item\equip\ring\obj-ring09.spr	37	1	1	黄金装备	1	99999	10	0																						36	80	39	7									129	130					21
魔煌之金甲盔	0	7	2	\spr\item\equip\cap\obj-ma-cap09-3.spr	28	2	2	黄金装备	0	99999	10	0	30	315	315	31	85	85																36	90	32	110	39	7							2	346	257	312	6	166	22
魔煌之按出虎项圈	0	4	1	\spr\item\equip\nick\obj-neck16.spr	36	2	1	黄金装备	4	99999	10	0	31	60	60																			36	95	39	7									1	60	62	95	87	107	22
魔煌之溪谷束腰带	0	6	1	\spr\item\equip\sash\obj-sash18.spr	32	2	1	黄金装备	3	99999	10	0	30	140	140	31	80	80																36	85	32	110	39	7							2	309	254	321	6	31	22
魔煌之血衣兽镯	0	8	1	\spr\item\equip\bangle\obj-bangle18.spr	34	1	2	黄金装备	1	99999	10	0	30	111	111	31	80	80																36	80	32	90	39	7							129	130					22
魔煌之蹬踏靴	0	5	0	\spr\item\equip\boots\obj-shoes04.spr	26	2	2	黄金装备	2	99999	10	0	30	140	140	31	80	80																36	99	32	110	39	7							4	320	255	312	6	256	22
魔嗜头冠	0	7	2	\spr\item\equip\cap\obj-ma-cap09-3.spr	28	2	2	黄金装备	3	99999	10	0	30	315	315	31	85	85																36	85	32	110	39	7							2	345	250	150	6	165	23
魔嗜项链	0	4	1	\spr\item\equip\nick\obj-neck16.spr	36	2	1	黄金装备	1	99999	10	0																						36	95	39	7									2	317	8	107			23
魔嗜下戒	0	3	0	\spr\item\equip\ring\obj-ring03.spr	37	1	1	黄金装备	2	99999	10	0																						36	80	39	7									129	130					23
魔嗜玉佩	0	9	1	\spr\item\equip\waist\obj-waist13.spr	34	1	2	黄金装备	0	99999	10	0																						36	90	39	7									2	309	252	321	6	31	23
魔嗜战靴	0	5	0	\spr\item\equip\boots\obj-shoes05.spr	26	2	2	黄金装备	4	99999	10	0	30	140	140	31	80	80																36	99	32	110	39	7							2	320	253	312	6	251	23
凌岳帽子	0	7	2	\spr\item\equip\cap\obj-ma-cap06-3.spr	28	2	2	黄金装备	4	99999	10	0	30	315	315	31	85	85																36	90	32	110	39	8							2	167	6	153			24
凌岳衣服	0	2	15	\spr\item\equip\armor\obj-ma-cloth06-3.spr	24	2	3	黄金装备	3	99999	10	0	30	630	630	31	90	90																36	95	32	130	39	8							2	306	263	313	6	285	24
凌岳腰带	0	6	0	\spr\item\equip\sash\obj-sash09.spr	32	2	1	黄金装备	1	99999	10	0	30	140	140	31	80	80																36	85	32	110	39	8							2	309	265	317	6	31	24
凌岳腰坠	0	9	1	\spr\item\equip\waist\obj-waist20.spr	36	2	1	黄金装备	2	99999	10	0																						36	99	39	8									4	347	266	313	8	264	24
凌岳上戒	0	3	0	\spr\item\equip\ring\obj-ring10.spr	37	1	1	黄金装备	0	99999	10	0																						36	80	39	8									129	130					24
及丰之真武剑	0	0	0	\spr\item\equip\closeweapon\obj-sword24.spr	9	1	3	黄金装备	2	99999	10	0	28	46	46	29	86	86	167	0	0	31	99	99										36	99	32	135	39	8							46	69	51	73	43	167	25
及丰之三清符	0	4	1	\spr\item\equip\nick\obj-neck17.spr	36	2	1	黄金装备	0	99999	10	0	31	60	60																			36	95	39	8									2	84	62	95	89	107	25
及丰之玄丝三段锦	0	6	0	\spr\item\equip\sash\obj-sash10.spr	32	2	1	黄金装备	4	99999	10	0	30	140	140	31	80	80																36	85	32	110	39	8							2	309	260	313	6	31	25
及丰之翠玉玄黄佩	0	9	1	\spr\item\equip\waist\obj-waist20.spr	36	1	2	黄金装备	3	99999	10	0																						36	90	39	8									2	348	258	313	6	259	25
及丰之青松法戒	0	3	0	\spr\item\equip\ring\obj-ring06.spr	37	1	1	黄金装备	1	99999	10	0																						36	80	39	8									129	130					25
霜晶寒铁	0	0	1	\spr\item\equip\closeweapon\obj-blade24.spr	10	1	4	黄金装备	2	99999	10	0	28	40	40	29	114	114	167	-20	-20	31	99	99										36	99	32	135	39	9							2	69	46	73	43	168	26
霜晶道袍	0	2	15	\spr\item\equip\armor\obj-ma-cloth05-3.spr	24	2	3	黄金装备	0	99999	10	0	30	720	720	31	90	90																36	95	32	260	39	9							2	306	267	317	6	278	26
霜晶缕带	0	6	0	\spr\item\equip\sash\obj-sash10.spr	33	2	1	黄金装备	4	99999	10	0	30	160	160	31	80	80																36	85	32	135	39	9							2	309	269	313	6	31	26
霜晶护腕	0	8	1	\spr\item\equip\bangle\obj-bangle20.spr	34	1	2	黄金装备	3	99999	10	0	30	140	140	31	80	80																36	90	32	110	39	9							4	349	270	313	6	268	26
霜晶指环	0	3	0	\spr\item\equip\ring\obj-ring07.spr	37	1	1	黄金装备	1	99999	10	0																						36	80	39	9									129	130					26
雷琼帽子	0	7	1	\spr\item\equip\cap\obj-ma-cap05-2.spr	28	2	2	黄金装备	4	99999	10	0	30	315	315	31	85	85																36	95	32	110	39	9							2	304	272	153	6	168	27
雷琼颈坠	0	4	1	\spr\item\equip\nick\obj-neck18.spr	36	2	1	黄金装备	3	99999	10	0																						36	99	39	9									2	95	6	107	322	278	27
雷琼腰带	0	6	0	\spr\item\equip\sash\obj-sash09.spr	32	2	1	黄金装备	1	99999	10	0	30	140	140	31	80	80																36	90	32	110	39	9							4	309	274	313	6	31	27
雷琼腰配	0	9	1	\spr\item\equip\waist\obj-waist19.spr	36	1	2	黄金装备	2	99999	10	0																						36	85	39	9									2	350	275	273			27
雷琼指环	0	3	0	\spr\item\equip\ring\obj-ring08.spr	37	1	1	黄金装备	0	99999	10	0																						36	80	39	9									129	130					27
雾幻琼冠	0	7	1	\spr\item\equip\cap\obj-ma-cap05-2.spr	28	2	2	黄金装备	0	99999	10	0	30	315	315	31	85	85																36	95	32	110	39	9							4	271	351	313	6	352	28
雾幻颈坠	0	4	1	\spr\item\equip\nick\obj-neck20.spr	36	2	1	黄金装备	4	99999	10	0																						36	99	39	9									2	313	169	95	8	107	28
雾幻下戒	0	3	0	\spr\item\equip\ring\obj-ring05.spr	37	1	1	黄金装备	3	99999	10	0																						36	80	39	9									129	130					28
雾幻腰配	0	9	1	\spr\item\equip\waist\obj-waist18.spr	36	1	2	黄金装备	1	99999	10	0																						36	90	39	9									2	309	353	313	6	31	28
雾幻鞋子	0	5	0	\spr\item\equip\boots\obj-shoes05.spr	26	2	2	黄金装备	2	99999	10	0	30	140	140	31	80	80																36	85	32	110	39	9							2	104	276	354			28
雅典之魂	0	3	0	\spr\item\equip\ring\obj-ring09.spr	37	1	1	<color=Yellow>向在雅典盛会上为国争光的运动健儿们致以最崇高的敬意！<color>	2	99999	10	0																						36	60											129	130					29
北京之梦	0	3	0	\spr\item\equip\ring\obj-ring10.spr	37	1	1	<color=Yellow>北京-2008-绚烂的舞台-让我们携起手来共创辉煌！<color>	3	99999	10	0																						36	60											129	130					29
洞察之白金雕龙戒	0	3	0	\spr\item\equip\ring\obj-ring06.spr	37	1	1	黄金装备	3	99999	10	0	31	60	60																			36	85											53	6	301	2	11	100	30
洞察之白玉乾坤佩	0	9	1	\spr\item\equip\waist\obj-waist20.spr	36	1	2	黄金装备	4	99999	10	0	31	60	60																			36	80											65	6	298	2	11	100	30
洞察之白金锈凤戒	0	3	0	\spr\item\equip\ring\obj-ring06.spr	37	1	1	黄金装备	0	99999	10	0	31	60	60																			36	85											53	6	301	2	11	100	30
洞察之翡翠玉项圈	0	4	1	\spr\item\equip\nick\obj-neck20.spr	36	2	1	黄金装备	2	99999	10	0	31	60	60																			36	85											65	6	298	2	11	100	30
定业头冠	0	7	6	\spr\item\equip\cap\obj-ma-cap20-3.spr	28	2	2	黄金装备	0	99999	10	0	30	310	310	31	60	60																36	90																	31
定业战袍	0	2	20	\spr\item\equip\armor\obj-ma-cloth20-3.spr	22	2	3	黄金装备	4	99999	10	0	30	630	630	31	60	60																36	90																	31
定业腰带	0	6	1	\spr\item\equip\sash\obj-sash20.spr	33	2	1	黄金装备	3	99999	10	0	30	140	140	31	60	60																36	90																	31
定业护腕	0	8	1	\spr\item\equip\bangle\obj-bangle20.spr	34	1	2	黄金装备	1	99999	10	0	30	115	115	31	60	60																36	90																	31
定业战靴	0	5	1	\spr\item\equip\boots\obj-shoes10.spr	26	2	2	黄金装备	2	99999	10	0	30	140	140	31	60	60																36	90																	31
定业扳指	0	3	0	\spr\item\equip\ring\obj-ring08.spr	37	1	1	黄金装备	2	99999	10	0	31	60	60																			36	90																	31
定国头冠	0	7	4	\spr\item\equip\cap\obj-ma-cap15-3.spr	31	2	2	黄金装备	0	99999	10	0	30	350	350	31	60	60																36	99																	32
定国战袍	0	2	18	\spr\item\equip\armor\obj-ma-cloth14-1.spr	23	2	3	黄金装备	4	99999	10	0	30	720	720	31	60	60																36	99																	32
定国腰箍	0	6	0	\spr\item\equip\sash\obj-sash10.spr	33	2	1	黄金装备	3	99999	10	0	30	160	160	31	60	60																36	99																	32
定国护腕	0	8	1	\spr\item\equip\bangle\obj-bangle19.spr	34	1	2	黄金装备	1	99999	10	0	30	135	135	31	60	60																36	99																	32
定国战靴	0	5	1	\spr\item\equip\boots\obj-shoes09.spr	26	2	2	黄金装备	2	99999	10	0	30	160	160	31	60	60																36	99																	32
定国扳指	0	3	0	\spr\item\equip\ring\obj-ring09.spr	37	1	1	黄金装备	2	99999	10	0	31	60	60																			36	99																	32
定国之青纱长衫	0	2	3	\Spr\item\equip\armor\obj-ma-cloth11-3.spr	22	2	3	黄金装备	0	99999	8	0	30	630	630	31	80	80																36	85											306	2					33
定国之钨砂发冠	0	7	3	\Spr\item\equip\cap\obj-ma-cap12-1.spr	28	2	2	黄金装备	2	99999	9	0	30	260	260	31	70	70																36	75											1	307					33
定国之赤绢软靴	0	5	1	\Spr\item\equip\boots\obj-shoes06.spr	26	2	2	黄金装备	1	99999	8	0	30	140	140	31	70	70																36	80											308	2					33
定国之紫藤护腕	0	8	1	\Spr\item\equip\bangle\obj-bangle13.spr	34	1	2	黄金装备	3	99999	8	0	30	111	111	31	60	60																36	75											1	309					33
定国之银蚕腰带	0	6	1	\Spr\item\equip\sash\obj-sash17.spr	33	2	1	黄金装备	4	99999	8	0	30	140	140	31	60	60																36	75											1	28					33
安邦之冰晶石项链	0	4	0	\Spr\item\equip\nick\obj-neck07.spr	36	2	1	黄金装备	4	99999	10	0																						36	85											310						34
安邦之菊花石指环	0	3	0	\Spr\item\equip\ring\obj-ring07.spr	37	1	1	黄金装备	2	99999	8	0																						36	80											6	312					34
安邦之田黄石玉佩	0	9	1	\Spr\item\equip\waist\obj-waist18.spr	36	1	2	黄金装备	1	99999	8	0																						36	75											6	313					34
安邦之鸡血石戒指	0	3	0	\Spr\item\equip\ring\obj-ring06.spr	37	1	1	黄金装备	3	99999	8	0																						36	80											6	311					34
天煌龙器之龙抬头	0	7	4	\spr\item\equip\cap\obj-ma-cap08-3.spr	28	2	2	黄金装备	2	99999	6	0	30	315	315	31	75	75																36	60											2	316					35
天煌龙器之白龙息	0	2	18	\spr\item\equip\armor\obj-ma-cloth13-3.spr	22	2	3	黄金装备	0	99999	6	0	30	630	630	31	80	80																36	60											2	316					35
天煌龙器之镇冥之链	0	4	1	\spr\item\equip\nick\obj-neck13.spr	36	2	1	黄金装备	1	99999	6	0																						36	60											6	316					35
天煌龙器之九现之指	0	3	0	\Spr\item\equip\ring\obj-ring08.spr	37	1	1	黄金装备	2	99999	6	0																						36	60											6	316					35
天煌龙器之玉逍遥	0	6	1	\Spr\item\equip\sash\obj-sash20.spr	33	2	1	黄金装备	4	99999	6	0	30	140	140	31	70	70																36	60											2	316					35
天煌龙器之黄金鳞	0	8	1	\Spr\item\equip\bangle\obj-bangle20.spr	34	1	2	黄金装备	3	99999	6	0	30	111	111	31	70	70																36	60											2	316					35
天煌龙器之磐龙瑰	0	9	1	\Spr\item\equip\waist\obj-waist16.spr	36	1	2	黄金装备	0	99999	6	0																						36	60											6	316					35
天煌龙器之龙哭千里	0	5	1	\Spr\item\equip\boots\obj-shoes07.spr	26	2	2	黄金装备	4	99999	6	0	30	140	140	31	75	75																36	60											2	316					35
天煌龙器之怒龙之瞳	0	3	0	\Spr\item\equip\ring\obj-ring09.spr	37	1	1	黄金装备	1	99999	6	0																						36	60											6	316					35
金枫之青阳盔	0	7	4	\spr\item\equip\cap\obj-ma-cap13-2.spr	28	2	2	黄金装备	2	99999	5	0	30	315	315	31	75	75																36	40											2	358	6				36
金枫之麒麟血	0	2	18	\spr\item\equip\armor\obj-ma-cloth14-1.spr	22	2	3	黄金装备	0	99999	5	0	30	630	630	31	80	80																36	40											2	37	6				36
金枫之濯之链光	0	4	1	\spr\item\equip\nick\obj-neck19.spr	36	2	1	黄金装备	1	99999	5	0																						36	30											366	355	368				36
金枫之公谨三叹	0	3	0	\spr\item\equip\ring\obj-ring07.spr	37	1	1	黄金装备	2	99999	5	0																						36	40											367	318	368				36
金枫之夺魂玉带	0	6	1	\spr\item\equip\sash\obj-sash09.spr	33	2	1	黄金装备	4	99999	5	0	30	140	140	31	70	70																36	50											314	365	363				36
金枫之后羿引弓	0	8	1	\spr\item\equip\bangle\obj-bangle20.spr	34	1	2	黄金装备	3	99999	5	0	30	111	111	31	70	70																36	50											314	359	363				36
金枫之兰亭玉	0	9	1	\spr\item\equip\waist\obj-waist17.spr	36	1	2	黄金装备	0	99999	5	0																						36	40											367	361	368				36
金枫之千里草上飞	0	5	1	\spr\item\equip\boots\obj-shoes05.spr	26	2	2	黄金装备	4	99999	5	0	30	140	140	31	75	75																36	30											2	360	364				36
金枫之铜雀春深	0	3	0	\Spr\item\equip\ring\obj-ring06.spr	37	1	1	黄金装备	1	99999	5	0																						36	60											367	356	368				36
侠骨之铁血衫	0	2	3	\spr\item\equip\armor\obj-ma-cloth11-3.spr	22	2	3	黄金装备	2	99999	5	0	30	360	360	31	60	60																36	40	32	50	33	50			38	0			2	306					37
侠骨之多情环	0	4	1	\spr\item\equip\nick\obj-neck14.spr	36	2	1	黄金装备	2	99999	5	0																						36	35	38	0									6	26	2				37
侠骨之丹心戒	0	3	0	\spr\item\equip\ring\obj-ring06.spr	37	1	1	黄金装备	0	99999	5	0																						36	45	38	0									55						37
侠骨之情意结	0	9	1	\spr\item\equip\waist\obj-waist13.spr	36	1	2	黄金装备	4	99999	5	0																						36	50	38	0									3	84	366				37
柔情之巾帼霓裳	0	2	11	\spr\item\equip\armor\obj-fm-cloth14-3.spr	25	2	3	黄金装备	0	99999	5	0	30	360	360	31	60	60																36	40	32	50	33	50			38	1			2	91	130				38
柔情之淑女项链	0	4	0	\spr\item\equip\nick\obj-neck07.spr	36	2	1	黄金装备	0	99999	5	0																						36	35	38	1									6	34					38
柔情之凤仪戒指	0	3	0	\spr\item\equip\ring\obj-ring08.spr	37	1	1	黄金装备	4	99999	5	0																						36	45	38	1									63						38
柔情之慧心玉佩	0	9	0	\spr\item\equip\waist\obj-waist16.spr	36	1	2	黄金装备	3	99999	5	0																						36	50	38	1									1	95					38
