Name	Kind	Camp	Series	HeadImage	ClientOnly	CorpseIdx	DeathFrame	WalkFrame	RunFrame	HurtFrame	WalkSpeed	RunSpeed	AttackSpeed	CastSpeed	StandFrame	StandFrame1	Stature	Treasure	AIMode	AIParam1	AIParam2	AIParam3	AIParam4	AIParam5	AIParam6	AIParam7	FireResistMax	ColdResistMax	LightingResistMax	PoisonResistMax	PhycicsResistMax	ActiveRadius	VisionRadius	DropRateFile	AIMaxTime	HitRecover	ReviveFrame	ArmorType	HelmType	WeaponType	HorseType	RideHorse	ActionScript	Skill1	Level1	Skill2	Level2	Skill3	Level3	Skill4	Level4	LifeReplenish	Defense	MinDamage	MaxDamage	AttackRating	RedLum	GreenLum	BlueLum	FireResist	ColdResist	LightingResist	PoisonResist	PhycicsResist	ten	ExpParam1	ExpParam2	ExpParam3	LifeParam1	LifeParam2	LifeParam3	ARParam1	ARParam2	ARParam3	NpcResType	DefenseParam1	DefenseParam2	DefenseParam3	MinDamageParam1	MinDamageParam2	MinDamageParam3	MaxDamageParam1	MaxDamageParam2	MaxDamageParam3
1	0	5	0			43	20	20	20	12	6	6	25	25	28	28	100	1	3	10	10	0	90	100	0	0	60	75	75	90	75	1000	400	\Settings\DropRate.ini		50	3600	0	0	0	0	0		短兵物理攻击	1|0	短兵物理攻击	1|0	短兵物理攻击	1|0	短兵物理攻击	1|0	3	50|4	5|1	5|1	60|6				0|0	0|0.5	0|0.5	0|0.95	0|0.5	东北虎	10	3	700	80	6		60	6		ani001	50	4	10	5	1	10	5	1	10
2	0	5	1			44	25	20	20	12	6	6	25	25	24	35	100	1	3	10	10	0	90	100	0	0	75	75	90	75	60	1000	400	\Settings\DropRate.ini		50	3600	0	0	0	0	0		短兵物理攻击	1|0	短兵物理攻击	1|0	短兵物理攻击	1|0	短兵物理攻击	1|0	3	50|4	5|1	5|1	60|6				0|0.5	0|0.5	0|0.95	0|0.5	0|0	华南虎	10	3	700	60	5		60	6		ani002	50	4	10	5	1	10	5	1	10
3	0	5	2			45	20	20	20	12	6	6	25	25	24	26	100	1	3	10	10	0	90	100	0	0	90	75	60	75	75	1000	400	\Settings\DropRate.ini		50	3600	0	0	0	0	0		短兵物理攻击	1|0	短兵物理攻击	1|0	短兵物理攻击	1|0	短兵物理攻击	1|0	3	50|4	5|1	5|1	60|6				0|0.95	0|0.5	0|0	0|0.5	0|0.5	白虎	10	3	700	60	5		60	6		ani003	50	4	10	5	1	10	5	1	10
4	0	5	3			47	30	21	21	13	6	6	25	25	30	36	100	1	3	10	10	0	90	100	0	0	75	60	75	75	90	1000	400	\Settings\DropRate.ini		50	3600	0	0	0	0	0		短兵物理攻击	1|0	短兵物理攻击	1|0	短兵物理攻击	1|0	短兵物理攻击	1|0	3	50|4	5|1	5|1	60|6				0|0.5	0|0	0|0.5	0|0.5	0|0.95	金钱豹	8	2.5	700	60	5		60	6		ani005	50	4	10	5	1	10	5	1	10
4	0	5	4			48	31	14	14	14	6	6	25	25	28	28	100	1	3	10	10	0	90	100	0	0	75	90	75	60	75	1000	400	\Settings\DropRate.ini		50	3600	0	0	0	0	0		短兵物理攻击	1|0	短兵物理攻击	1|0	短兵物理攻击	1|0	短兵物理攻击	1|0	3	50|4	5|1	5|1	60|6				0|0.5	0|0.95	0|0.5	0|0	0|0.5	雪豹	8	2.5	700	60	5		60	6		ani006	50	4	10	5	1	10	5	1	10
4	0	5	0			51	26	20	20	12	6	6	25	25	15	28	100	1	3	10	10	0	90	100	0	0	60	75	75	90	75	1000	400	\Settings\DropRate.ini		50	3600	0	0	0	0	0		短兵物理攻击	1|0	短兵物理攻击	1|0	短兵物理攻击	1|0	短兵物理攻击	1|0	3	50|4	5|1	5|1	60|6				0|0	0|0.5	0|0.5	0|0.95	0|0.5	灰狼	8	2.5	700	60	5		60	6		ani009	50	4	10	5	1	10	5	1	10
5	0	5	1			52	26	12	12	13	6	6	25	25	18	28	100	1	3	10	10	0	90	100	0	0	75	75	90	75	60	1000	400	\Settings\DropRate.ini		50	3600	0	0	0	0	0		短兵物理攻击	1|0	短兵物理攻击	1|0	短兵物理攻击	1|0	短兵物理攻击	1|0	3	50|4	5|1	5|1	60|6				0|0.5	0|0.5	0|0.95	0|0.5	0|0	火狼	8	2.5	700	60	5		60	6		ani010	50	4	10	5	1	10	5	1	10
6	0	5	2			53	20	12	12	10	6	6	25	25	10	28	100	1	3	10	10	0	90	100	0	0	90	75	60	75	75	1000	400	\Settings\DropRate.ini		50	3600	0	0	0	0	0		短兵物理攻击	1|0	短兵物理攻击	1|0	短兵物理攻击	1|0	短兵物理攻击	1|0	3	50|4	5|1	5|1	60|6				0|0.95	0|0.5	0|0	0|0.5	0|0.5	青狼	8	2.5	700	60	5		60	6		ani011	50	4	10	5	1	10	5	1	10
7	0	5	3			54	16	15	15	10	6	6	25	25	12	22	100	1	3	10	10	0	90	100	0	0	75	60	75	75	90	1000	400	\Settings\DropRate.ini		50	3600	0	0	0	0	0		短兵物理攻击	1|0	短兵物理攻击	1|0	短兵物理攻击	1|0	短兵物理攻击	1|0	3	50|4	5|1	5|1	60|6				0|0.5	0|0	0|0.5	0|0.5	0|0.95	雪狼	8	2.5	700	60	5		60	6		ani012	50	4	10	5	1	10	5	1	10
8	0	5	4			55	14	21	21	9	6	6	25	25	14	30	100	1	3	20	80	90	90	100	0	0	75	90	75	60	75	1000	400	\Settings\DropRate.ini		10	3600	0	0	0	0	0		喷毛	1|0	喷毛	1|0	喷毛	1|0	喷毛	1|0	1	80|6	1|0.2	6|1	50|4				0|0.5	0|0.95	0|0.5	0|0	0|0.5	狐狸	8	2	700	40	3		50	4		ani013	80	6	10	1	0.2	10	5	1	10
9	0	5	0			57	14	22	22	9	6	6	25	25	12	30	100	1	3	20	80	90	90	100	0	0	60	75	75	90	75	1000	400	\Settings\DropRate.ini		10	3600	0	0	0	0	0		喷毛	1|0	喷毛	1|0	喷毛	1|0	喷毛	1|0	1	80|6	1|0.2	6|1	50|4				0|0	0|0.5	0|0.5	0|0.95	0|0.5	红狐	8	2	700	40	3		50	4		ani015	80	6	10	1	0.2	10	5	1	10
10	0	5	1			60	30	22	22	14	6	6	25	25	10	43	100	1	3	20	5	60	80	100	0	0	75	75	90	75	60	1000	400	\Settings\DropRate\heo2\DropRate.ini		50	3600	0	0	0	0	0		短兵物理攻击	1|0	短兵物理攻击	1|0	短兵物理攻击	1|0	短兵物理攻击	1|0	3	50|4	5|1	5|1	60|6				0|0.5	0|0.5	0|0.95	0|0.5	0|0	野猪	8	2.5	700	60	5		60	6		ani018	50	4	10	5	1	10	5	1	10
11	0	5	2			61	17	20	20	13	6	6	25	25	14	11	100	1	3	20	60	60	80	80	0	0	90	75	60	75	75	1000	400	\Settings\DropRate\heo2\DropRate.ini		50	3600	0	0	0	0	0		短兵物理攻击	1|0	短兵物理攻击	1|0	短兵物理攻击	1|0	短兵物理攻击	1|0	3	50|4	5|1	5|1	60|6				0|0.95	0|0.5	0|0	0|0.5	0|0.5	刺猬	8	2.5	700	60	5		60	6		ani019	50	4	10	5	1	10	5	1	10
12	0	5	3			63	38	24	24	16	2	6	25	25	38	38	100	1	3	20	5	60	80	100	0	0	75	60	75	75	90	1000	400	\Settings\DropRate.ini		50	3600	0	0	0	0	0		长兵物理攻击	1|0	长兵物理攻击	1|0	长兵物理攻击	1|0	长兵物理攻击	1|0	3	50|4	5|1	5|1	60|6				0|0.5	0|0	0|0.5	0|0.5	0|0.95	亚洲象	8	2.5	700	60	5		60	6		ani021	50	4	10	5	1	10	5	1	10
13	0	5	4			66	38	24	24	16	2	6	25	25	38	38	100	1	3	10	10	60	80	100	0	0	75	90	75	60	75	1000	400	\Settings\DropRate.ini		50	3600	0	0	0	0	0		长兵物理攻击	1|0	长兵物理攻击	1|0	长兵物理攻击	1|0	长兵物理攻击	1|0	3	50|4	5|1	5|1	60|6				0|0.5	0|0.95	0|0.5	0|0	0|0.5	黄河象	8	2.5	700	60	5		60	6		ani024	50	4	10	5	1	10	5	1	10
14	0	5	0			67	31	27	27	12	6	6	25	25	14	24	100	1	3	5	1	40	60	100	0	0	60	75	75	90	75	1000	400	\Settings\DropRate.ini		50	3600	0	0	0	0	0		短兵物理攻击	1|0	短兵物理攻击	1|0	短兵物理攻击	1|0	短兵物理攻击	1|0	3	50|4	5|1	5|1	60|6				0|0	0|0.5	0|0.5	0|0.95	0|0.5	棕熊	8	2.5	700	60	5		60	6		ani025	50	4	10	5	1	10	5	1	10
15	0	5	1			68	26	21	21	12	6	6	25	25	14	16	100	1	3	5	1	40	60	100	0	0	75	75	90	75	60	1000	400	\Settings\DropRate.ini		50	3600	0	0	0	0	0		短兵物理攻击	1|0	短兵物理攻击	1|0	短兵物理攻击	1|0	短兵物理攻击	1|0	3	50|4	5|1	5|1	60|6				0|0.5	0|0.5	0|0.95	0|0.5	0|0	黑熊	8	2.5	700	60	5		60	6		ani026	50	4	10	5	1	10	5	1	10
16	0	5	2			71	36	23	23	15	6	6	25	25	30	32	100	1	3	5	1	40	60	100	0	0	90	75	60	75	75	1000	400	\Settings\DropRate.ini		50	3600	0	0	0	0	0		长兵物理攻击	1|0	长兵物理攻击	1|0	长兵物理攻击	1|0	长兵物理攻击	1|0	3	50|4	5|1	5|1	60|6				0|0.95	0|0.5	0|0	0|0.5	0|0.5	野牛	8	2.5	700	60	5		60	6		ani029	50	4	10	5	1	10	5	1	10
17	0	5	3			75	30	26	26	15	1	6	25	25	30	30	100	1	3	1	1	80	60	50	0	0	75	60	75	75	90	1000	400	\Settings\DropRate.ini		50	3600	0	0	0	0	0		长兵物理攻击	1|0	长兵物理攻击	1|0	长兵物理攻击	1|0	长兵物理攻击	1|0	3	50|4	5|1	5|1	60|6				0|0.5	0|0	0|0.5	0|0.5	0|0.95	扬子鳄	8	2.5	700	60	5		60	6		ani033	50	4	10	5	1	10	5	1	10
18	0	5	4			78	32	24	24	15	6	6	25	25	32	32	100	1	3	1	1	80	60	50	0	0	75	90	75	60	75	1000	400	\Settings\DropRate.ini		50	3600	0	0	0	0	0		长兵物理攻击	1|0	长兵物理攻击	1|0	长兵物理攻击	1|0	长兵物理攻击	1|0	3	50|4	5|1	5|1	60|6				0|0.5	0|0.95	0|0.5	0|0	0|0.5	火蜥蜴	8	2.5	700	60	5		60	6		ani036	50	4	10	5	1	10	5	1	10
19	0	5	0			79	24	11	11	15	4	6	25	25	27	27	100	1	3	1	1	80	70	60	0	0	60	75	75	90	75	1000	400	\Settings\DropRate.ini		10	3600	0	0	0	0	0		吐毒水	1|0	吐毒水	1|0	吐毒水	1|0	吐毒水	1|0	1	80|6	1|0.2	6|1	50|4				0|0	0|0.5	0|0.5	0|0.95	0|0.5	眼镜蟒蛇	8	2	700	40	3		50	4		ani037	80	6	10	1	0.2	10	6	1	10
20	0	5	1			80	19	20	20	6	4	6	25	25	13	20	100	1	3	1	1	80	70	60	0	0	75	75	90	75	60	1000	400	\Settings\DropRate.ini		10	3600	0	0	0	0	0		吐毒水	1|0	吐毒水	1|0	吐毒水	1|0	吐毒水	1|0	1	80|6	1|0.2	6|1	50|4				0|0.5	0|0.5	0|0.95	0|0.5	0|0	绿色蟒蛇	8	2	700	40	3		50	4		ani038	80	6	10	1	0.2	10	6	1	10
21	0	5	2			81	26	22	22	14	4	6	25	25	35	35	100	1	3	1	1	80	70	60	0	0	90	75	60	75	75	1000	400	\Settings\DropRate.ini		10	3600	0	0	0	0	0		吐毒水	1|0	吐毒水	1|0	吐毒水	1|0	吐毒水	1|0	1	80|6	1|0.2	6|1	50|4				0|0.95	0|0.5	0|0	0|0.5	0|0.5	金环蟒蛇	8	2	700	40	3		50	4		ani039	80	6	10	1	0.2	10	6	1	10
22	0	5	3			82	14	20	20	7	4	6	25	25	15	13	100	1	3	1	1	80	70	60	0	0	75	60	75	75	90	1000	400	\Settings\DropRate.ini		10	3600	0	0	0	0	0		吐毒水	1|0	吐毒水	1|0	吐毒水	1|0	吐毒水	1|0	1	80|6	1|0.2	6|1	50|4				0|0.5	0|0	0|0.5	0|0.5	0|0.95	赤练蟒蛇	8	2	700	40	3		50	4		ani040	80	6	10	1	0.2	10	6	1	10
23	0	5	4			83	15	4	4	7	8	10	25	25	9	9	200	1	3	1	1	40	50	80	0	0	75	90	75	60	75	1000	400	\Settings\DropRate.ini		50	3600	0	0	0	0	0		短兵物理攻击	1|0	短兵物理攻击	1|0	短兵物理攻击	1|0	短兵物理攻击	1|0	3	50|4	5|1	5|1	60|6				0|0.5	0|0.95	0|0.5	0|0	0|0.5	金雕	8	2.5	700	60	5		60	6		ani041	50	4	10	5	1	10	5	1	10
24	0	5	0			84	28	12	12	14	8	10	25	25	20	20	200	1	3	1	1	60	60	80	0	0	60	75	75	90	75	1000	400	\Settings\DropRate.ini		50	3600	0	0	0	0	0		短兵物理攻击	1|0	短兵物理攻击	1|0	短兵物理攻击	1|0	短兵物理攻击	1|0	3	50|4	5|1	5|1	60|6				0|0	0|0.5	0|0.5	0|0.95	0|0.5	苍鹰	8	2.5	700	60	5		60	6		ani042	50	4	10	5	1	10	5	1	10
25	0	5	1			85	16	9	9	8	8	10	25	25	12	14	200	1	3	1	1	20	40	80	0	0	75	75	90	75	60	1000	400	\Settings\DropRate.ini		50	3600	0	0	0	0	0		短兵物理攻击	1|0	短兵物理攻击	1|0	短兵物理攻击	1|0	短兵物理攻击	1|0	3	50|4	5|1	5|1	60|6				0|0.5	0|0.5	0|0.95	0|0.5	0|0	秃鹫	8	2.5	700	60	5		60	6		ani043	50	4	10	5	1	10	5	1	10
26	0	5	2			87	28	10	10	18	8	10	25	25	12	27	200	1	3	20	60	80	70	60	0	0	90	75	60	75	75	1000	400	\Settings\DropRate.ini		50	3600	0	0	0	0	0		短兵物理攻击	1|0	短兵物理攻击	1|0	短兵物理攻击	1|0	短兵物理攻击	1|0	3	50|4	4|0.8	4|0.8	60|6				0|0.95	0|0.5	0|0	0|0.5	0|0.5	霸王蝙蝠	6	1.6	700	60	5		60	6		ani045	50	4	10	4	0.8	10	4	0.8	10
27	0	5	3			88	28	10	10	14	8	10	25	25	14	23	200	1	3	1	1	80	80	80	0	0	75	60	75	75	90	1000	400	\Settings\DropRate.ini		50	3600	0	0	0	0	0		短兵物理攻击	1|0	短兵物理攻击	1|0	短兵物理攻击	1|0	短兵物理攻击	1|0	3	50|4	4|0.8	4|0.8	60|6				0|0.5	0|0	0|0.5	0|0.5	0|0.95	红霸王蝙蝠	6	1.6	700	60	5		60	6		ani046	50	4	10	4	0.8	10	4	0.8	10
28	0	5	4			89	28	10	10	14	8	10	25	25	14	23	200	1	3	20	60	80	70	60	0	0	75	90	75	60	75	1000	400	\Settings\DropRate.ini		50	3600	0	0	0	0	0		短兵物理攻击	1|0	短兵物理攻击	1|0	短兵物理攻击	1|0	短兵物理攻击	1|0	3	50|4	4|0.8	4|0.8	60|6				0|0.5	0|0.95	0|0.5	0|0	0|0.5	溶洞蝙蝠	6	1.6	700	60	5		60	6		ani047	50	4	10	4	0.8	10	4	0.8	10
29	0	5	0			90	28	10	10	14	8	10	25	25	14	23	200	1	3	1	1	80	80	80	0	0	60	75	75	90	75	1000	400	\Settings\DropRate.ini		50	3600	0	0	0	0	0		短兵物理攻击	1|0	短兵物理攻击	1|0	短兵物理攻击	1|0	短兵物理攻击	1|0	3	50|4	4|0.8	4|0.8	60|6				0|0	0|0.5	0|0.5	0|0.95	0|0.5	吸血蝙蝠	6	1.6	700	60	5		60	6		ani048	50	4	10	4	0.8	10	4	0.8	10
30	0	5	1			91	24	22	22	14	6	6	25	25	24	29	100	1	3	35	20	85	70	60	0	0	75	75	90	75	60	1000	400	\Settings\DropRate\heo\DropRate.ini		10	3600	0	0	0	0	0		甩毛	1|0	甩毛	1|0	甩毛	1|0	甩毛	1|0	1	40|5	1|0.2	2|0.6	30|3				0|0.5	0|0.5	0|0.95	0|0.5	0|0	金猫	8	4.3	700	40	3		30	3		ani049	40	5	10	1	0.2	10	2	0.6	10
31	0	5	2			92	19	9	9	15	6	6	25	25	14	16	100	1	3	35	20	80	70	60	0	0	90	75	60	75	75	1000	400	\Settings\DropRate.ini		10	3600	0	0	0	0	0		甩毛	1|0	甩毛	1|0	甩毛	1|0	甩毛	1|0	1	40|5	1|0.2	2|0.6	30|3				0|0.95	0|0.5	0|0	0|0.5	0|0.5	猞猁	8	2	700	40	3		30	3		ani050	40	5	10	1	0.2	10	2	0.6	10
32	0	5	3			93	28	8	8	16	6	6	25	25	11	22	100	1	3	40	10	70	80	90	0	0	75	60	75	75	90	1000	400	\Settings\DropRate\heo2\DropRate.ini		10	3600	0	0	0	0	0		甩毛	1|0	甩毛	1|0	甩毛	1|0	甩毛	1|0	1	40|5	1|0.2	2|0.6	30|3				0|0.5	0|0	0|0.5	0|0.5	0|0.95	浣熊	8	2	700	40	3		30	3		ani051	40	5	10	1	0.2	10	2	0.6	10
33	0	5	4			94	22	8	8	12	6	6	25	25	14	22	100	1	3	40	40	80	70	60	0	0	75	90	75	60	75	1000	400	\Settings\DropRate\heo2\DropRate.ini		10	1200	0	0	0	0	0		甩毛	1|0	甩毛	1|0	甩毛	1|0	甩毛	1|0	1	40|5	1|0.2	2|0.6	30|3				0|0.5	0|0.95	0|0.5	0|0	0|0.5	灵猫	8	2	700	40	3		30	3		ani052	40	5	10	1	0.2	10	2	0.6	10
34	0	5	0			95	23	21	21	12	6	6	25	25	30	31	100	1	3	20	100	80	70	60	0	0	60	75	75	90	75	1000	400	\Settings\DropRate.ini		10	3600	0	0	0	0	0		扔石头	1|0	扔石头	1|0	扔石头	1|0	扔石头	1|0	1	40|5	1|0.2	2|0.6	30|3				0|0	0|0.5	0|0.5	0|0.95	0|0.5	藏域猴	8	2	700	40	3		30	3		ani053	40	5	10	1	0.2	10	2	0.6	10
35	0	5	1			96	28	19	19	13	6	6	25	25	36	31	100	1	3	10	60	90	90	60	0	0	75	75	90	75	60	1000	400	\Settings\DropRate.ini		10	3600	0	0	0	0	0		扔石头	1|0	扔石头	1|0	扔石头	1|0	扔石头	1|0	1	40|5	1|0.2	2|0.6	30|3				0|0.5	0|0.5	0|0.95	0|0.5	0|0	灰叶猴	8	2	700	40	3		30	3		ani054	40	5	10	1	0.2	10	2	0.6	10
36	0	5	2			97	22	21	21	13	6	6	25	25	30	31	100	1	3	20	50	80	70	100	0	0	90	75	60	75	75	1000	400	\Settings\DropRate.ini		10	3600	0	0	0	0	0		扔石头	1|0	扔石头	1|0	扔石头	1|0	扔石头	1|0	1	40|5	1|0.2	2|0.6	30|3				0|0.95	0|0.5	0|0	0|0.5	0|0.5	黑叶猴	8	2	700	40	3		30	3		ani055	40	5	10	1	0.2	10	2	0.6	10
37	0	5	3			98	22	18	18	12	6	6	25	25	24	25	100	1	3	30	60	80	70	60	0	0	75	60	75	75	90	1000	400	\Settings\DropRate.ini		10	3600	0	0	0	0	0		扔石头	1|0	扔石头	1|0	扔石头	1|0	扔石头	1|0	1	40|5	1|0.2	2|0.6	30|3				0|0.5	0|0	0|0.5	0|0.5	0|0.95	金丝猴	8	2	700	40	3		30	3		ani056	40	5	10	1	0.2	10	2	0.6	10
q	0	5	4			100	36	22	22	14	6	6	25	25	32	32	100	1	3	1	1	80	80	80	0	0	75	90	75	60	75	1000	400	\Settings\DropRate.ini		30	3600	0	0	0	0	0		短兵物理攻击	1|0	短兵物理攻击	1|0	短兵物理攻击	1|0	短兵物理攻击	1|0	2	90|7	3|0.6	4|1	80|7				0|0.5	0|0.95	0|0.5	0|0	0|0.5	豺	8	2.3	700	50	4		80	7		ani058	90	7	10	3	0.6	10	4	1	10
w	0	5	0			101	28	27	27	13	6	6	25	25	28	28	100	1	3	1	1	60	60	60	0	0	60	75	75	90	75	1000	400	\Settings\DropRate.ini		30	3600	0	0	0	0	0		短兵物理攻击	1|0	短兵物理攻击	1|0	短兵物理攻击	1|0	短兵物理攻击	1|0	2	90|7	3|0.6	4|1	80|7				0|0	0|0.5	0|0.5	0|0.95	0|0.5	雪怪	8	2.3	700	50	4		80	7		ani059	90	7	10	3	0.6	10	4	1	10
e	0	5	1			102	26	24	24	12	6	6	25	25	36	36	100	1	3	80	20	60	70	80	0	0	75	75	90	75	60	1000	400	\Settings\DropRate.ini		30	3600	0	0	0	0	0		短兵物理攻击	1|0	短兵物理攻击	1|0	短兵物理攻击	1|0	短兵物理攻击	1|0	2	90|7	3|0.6	4|1	80|7				0|0.5	0|0.5	0|0.95	0|0.5	0|0	蛤蟆	8	2.3	700	50	4		80	7		ani060	90	7	10	3	0.6	10	4	1	10
r	0	5	2			103	31	22	22	14	4	6	25	25	35	35	100	1	2	1	1	60	80	100	0	0	90	75	60	75	75	1000	400	\Settings\DropRate\heo\DropRate.ini		30	1200	0	0	0	0	0		短兵物理攻击	1|0	短兵物理攻击	1|0	短兵物理攻击	1|0	短兵物理攻击	1|0	2	50|2	1|0.6	2|0.7	10|2				0|0.95	0|0.5	0|0	0|0.5	0|0.5	梅花鹿	4	7.5	700	40	5	10	10	2		ani061	5	2	10	1	0.6	10	2	0.7	10
t	0	5	3			105	31	20	20	13	3	6	25	25	31	36	100	1	3	20	40	100	70	60	0	0	75	60	75	75	90	1000	400	\Settings\DropRate\heo\DropRate.ini		30	1200	0	0	0	0	0		短兵物理攻击	1|0	短兵物理攻击	1|0	短兵物理攻击	1|0	短兵物理攻击	1|0	2	100|5	1|0.6	3|0.8	10|2				0|0.5	0|0	0|0.5	0|0.5	0|0.95	白猪	4	4.5	700	40	2	10	10	2		ani063	10	5	10	1	0.6	10	3	0.8	10
r	0	5	4			107	24	21	21	14	6	6	25	25	21	20	100	1	3	1	1	70	70	70	0	0	75	90	75	60	75	1000	400	\Settings\DropRate.ini		10	3600	0	0	0	0	0		短兵物理攻击	1|0	短兵物理攻击	1|0	短兵物理攻击	1|0	短兵物理攻击	1|0	1	80|6	1|0.2	6|1	50|4				0|0.5	0|0.95	0|0.5	0|0	0|0.5	蝎子	8	2	700	40	3		50	4		ani065	80	6	10	1	0.6	10	6	1	10
y	0	5	0			108	30	6	6	12	6	6	25	25	30	30	100	1	3	1	1	70	70	70	0	0	75	75	75	75	75	1000	400	\Settings\DropRate.ini		30	3600	0	0	0	0	0		短兵物理攻击	1|0	远程物理攻击	1|0	远程物理攻击	1|0	远程物理攻击	1|0	2	90|7	3|0.6	4|1	80|7				0|0	0|0	0|0	5|0.3	0|0	蜘蛛	8	2.3	700	50	4		80	7		ani066	90	7	10	3	0.6	10	4	1	10
u	0	5	1			109	24	12	12	13	6	6	25	25	18	17	100	1	3	1	1	70	70	70	0	0	75	75	75	75	75	1000	400	\Settings\DropRate.ini		30	3600	0	0	0	0	0		短兵物理攻击	1|0	短兵物理攻击	1|0	短兵物理攻击	1|0	短兵物理攻击	1|0	2	90|7	3|0.6	4|1	80|7				0|0	0|0	0|0	5|0.3	0|0	蜈蚣	8	2.3	700	50	4		80	7		ani067	90	7	10	3	0.6	10	4	1	10
i       1	3	6	2			112	20	23	23	17	6	6	25	25	24	33	100	3	3	40	70	80	70	60	0	0	60	75	75	90	75	1000	400	\Settings\DropRate.ini		50	3600	0	0	0	0	0		迅雷咒	1|0.2	迅雷咒	1|0.2	迅雷咒	1|0.2	迅雷咒	1|0.2	3	50|4	5|1	5|1	60|6				0|0	0|0.5	0|0.5	0|0.95	0|0.5	南宋官员1	8	2.5	700	60	5		60	6		enemy003	50	4	10	5	1	10	5	1	10
o       2	3	6	3			113	20	23	23	15	6	6	25	25	30	30	100	3	3	1	1	80	80	100	0	0	75	75	90	75	60	1000	400	\Settings\DropRate.ini		50	3600	0	0	0	0	0		短兵物理攻击	1|0.2	惊雷斩	1|0.2	惊雷斩	1|0.2	惊雷斩	1|0.2	3	50|4	5|1	5|1	60|6				0|0.5	0|0.5	0|0.95	0|0.5	0|0	南宋官员2	8	2.5	700	60	5		60	6		enemy004	50	4	10	5	1	10	5	1	10
a       1	3	6	4			114	18	18	18	10	6	6	25	25	23	23	100	3	3	40	80	80	70	60	0	0	90	75	60	75	75	1000	400	\Settings\DropRate.ini		50	3600	0	0	0	0	0		幽冥骷髅	1|0.2	幽冥骷髅	1|0.2	幽冥骷髅	1|0.2	幽冥骷髅	1|0.2	3	50|4	5|1	5|1	60|6				0|0.95	0|0.5	0|0	0|0.5	0|0.5	金国官员1	8	2.5	700	60	5		60	6		enemy005	50	4	10	5	1	10	5	1	10
s       2	3	6	0			115	21	24	24	12	6	6	25	25	24	27	100	3	3	1	1	70	70	100	0	0	75	60	75	75	90	1000	400	\Settings\DropRate.ini		50	3600	0	0	0	0	0		短兵物理攻击	1|0.2	残阳如血	1|0.2	残阳如血	1|0.2	残阳如血	1|0.2	3	50|4	5|1	5|1	60|6				0|0.5	0|0	0|0.5	0|0.5	0|0.95	金国官员2	8	2.5	700	60	5		60	6		enemy006	50	4	10	5	1	10	5	1	10
d       1 	3	6	1			116	31	23	23	12	6	6	25	25	27	27	100	1	3	60	40	80	70	60	0	0	75	90	75	60	75	1000	400	\Settings\DropRate.ini		50	3600	0	0	0	0	0		短兵物理攻击	1|0	短兵物理攻击	1|0	短兵物理攻击	1|0	短兵物理攻击	1|0	3	50|4	5|1	5|1	60|6				0|0.5	0|0.95	0|0.5	0|0	0|0.5	南宋差役1	8	2.5	700	60	5		60	6		enemy007	50	4	10	5	1	10	5	1	10
f       2	3	6	2			125	14	19	19	14	6	6	25	25	23	36	100	1	3	1	1	80	50	70	0	0	60	75	75	90	75	1000	400	\Settings\DropRate.ini		50	3600	0	0	0	0	0		短兵物理攻击	1|0	毒砂掌	1|0.2	毒砂掌	1|0.2	毒砂掌	1|0.2	3	50|4	5|1	5|1	60|6				0|0	0|0.5	0|0.5	0|0.95	0|0.5	金国捕快2	8	2.5	700	60	5		60	6		enemy016	50	4	10	5	1	10	5	1	10
g       1	3	6	3			126	19	26	26	12	6	6	25	25	24	26	100	3	3	1	1	80	50	70	0	0	75	75	90	75	60	1000	400	\Settings\DropRate.ini		50	3600	0	0	0	0	0		短兵物理攻击	1|0	行云决	1|0.2	行云决	1|0.2	行云决	1|0.2	3	50|4	5|1	5|1	60|6				0|0.5	0|0.5	0|0.95	0|0.5	0|0	南宋武将1	8	2.5	700	60	5		60	6		enemy017	50	4	10	5	1	10	5	1	10
h       1	3	6	4			130	36	24	24	12	6	6	25	25	28	28	100	2	1	0	0	80	70	60	0	0	90	75	60	75	75	1000	400	\Settings\DropRate.ini		50	3600	0	0	0	0	0		短兵物理攻击	1|0	夺魂镖	1|0.2	夺魂镖	1|0.2	夺魂镖	1|0.2	3	50|4	5|1	5|1	60|6				0|0.95	0|0.5	0|0	0|0.5	0|0.5	南宋副将1	8	2.5	700	60	5		60	6		enemy021	50	4	10	5	1	10	5	1	10
j       2	3	6	0			131	24	22	22	12	6	6	25	25	33	43	100	2	1	0	0	80	70	60	0	0	75	60	75	75	90	1000	400	\Settings\DropRate.ini		50	3600	0	0	0	0	0		短兵物理攻击	1|0	沿门托钵	1|0.2	沿门托钵	1|0.2	沿门托钵	1|0.2	3	50|4	5|1	5|1	60|6				0|0.5	0|0	0|0.5	0|0.5	0|0.95	南宋副将2	8	2.5	700	60	5		60	6		enemy022	50	4	10	5	1	10	5	1	10
k       1	3	6	1			132	38	31	31	12	6	6	25	25	32	55	100	2	1	0	0	80	90	100	0	0	75	90	75	60	75	1000	400	\Settings\DropRate.ini		50	3600	0	0	0	0	0		短兵物理攻击	1|0	血手毒杀	1|0.2	血手毒杀	1|0.2	血手毒杀	1|0.2	3	50|4	5|1	5|1	60|6				0|0.5	0|0.95	0|0.5	0|0	0|0.5	金国副将1	8	2.5	700	60	5		60	6		enemy023	50	4	10	5	1	10	5	1	10
l       2	3	6	2			133	32	24	24	12	6	6	25	25	24	40	100	2	1	0	0	60	80	100	0	0	60	75	75	90	75	1000	400	\Settings\DropRate.ini		50	3600	0	0	0	0	0		短兵物理攻击	1|0	浑水摸鱼	1|0.2	浑水摸鱼	1|0.2	浑水摸鱼	1|0.2	3	50|4	5|1	5|1	60|6				0|0	0|0.5	0|0.5	0|0.95	0|0.5	金国副将2	8	2.5	700	60	5		60	6		enemy024	50	4	10	5	1	10	5	1	10
z       2	3	6	3			135	30	24	24	12	6	6	25	25	25	31	100	1	3	20	20	60	70	80	0	0	75	75	90	75	60	1000	400	\Settings\DropRate.ini		50	3600	0	0	0	0	0		射箭	1|0	射箭	1|0	射箭	1|0	射箭	1|0	3	50|4	5|1	5|1	60|6				0|0.5	0|0.5	0|0.95	0|0.5	0|0	南宋弓兵2	8	2.5	700	60	5		60	6		enemy026	50	4	10	5	1	10	5	1	10
x       2	3	6	4			137	31	26	26	12	6	6	25	25	24	28	100	1	3	20	20	60	70	80	0	0	90	75	60	75	75	1000	400	\Settings\DropRate.ini		50	3600	0	0	0	0	0		射箭	1|0	射箭	1|0	射箭	1|0	射箭	1|0	3	50|4	5|1	5|1	60|6				0|0.95	0|0.5	0|0	0|0.5	0|0.5	金国弓兵2	8	2.5	700	60	5		60	6		enemy028	50	4	10	5	1	10	5	1	10
c       1	3	6	0			138	23	26	26	12	6	6	25	25	33	36	100	1	3	20	20	60	70	80	0	0	75	60	75	75	90	1000	400	\Settings\DropRate.ini		50	3600	0	0	0	0	0		短兵物理攻击	1|0	短兵物理攻击	1|0	短兵物理攻击	1|0	短兵物理攻击	1|0	3	50|4	5|1	5|1	60|6				0|0.5	0|0	0|0.5	0|0.5	0|0.95	南宋刀兵1	8	2.5	700	60	5		60	6		enemy029	50	4	10	5	1	10	5	1	10
v       1	3	6	0			140	30	23	23	12	6	6	25	25	28	33	100	1	3	20	20	60	70	80	0	0	75	90	75	60	75	1000	400	\Settings\DropRate.ini		50	3600	0	0	0	0	0		短兵物理攻击	1|0	短兵物理攻击	1|0	短兵物理攻击	1|0	短兵物理攻击	1|0	3	50|4	5|1	5|1	60|6				0|0.5	0|0.95	0|0.5	0|0	0|0.5	金国刀兵1	8	2.5	700	60	5		60	6		enemy031	50	4	10	5	1	10	5	1	10
b       2	3	6	0			143	28	22	22	11	6	6	25	25	24	46	100	1	3	20	20	60	70	80	0	0	75	75	75	75	75	1000	400	\Settings\DropRate.ini		50	3600	0	0	0	0	0		长兵物理攻击	1|0	长兵物理攻击	1|0	长兵物理攻击	1|0	长兵物理攻击	1|0	3	50|4	5|1	5|1	60|6				0	0	0	0	0	南宋枪兵2	8	2.5	700	60	5		60	6		enemy034	50	4	10	5	1	10	5	1	10
n       2	3	6	0			145	30	21	21	12	6	6	25	25	24	43	100	1	3	20	20	60	70	80	0	0	75	75	75	75	75	1000	400	\Settings\DropRate.ini		50	3600	0	0	0	0	0		长兵物理攻击	1|0	长兵物理攻击	1|0	长兵物理攻击	1|0	长兵物理攻击	1|0	3	50|4	5|1	5|1	60|6				0	0	0	0	0	金国枪兵2	8	2.5	700	60	5		60	6		enemy036	50	4	10	5	1	10	5	1	10
Q	3	6	0			146									38	38	100																350	\Settings\DropRate.ini				0	0	0	0	0																							少林方丈			700	60	5		60	6		enemy037	50	4	10	5	1	10	5	1	10
W	3	6	0			147									25	26	100																350	\Settings\DropRate.ini				0	0	0	0	0																							少林空寂			700	60	5		60	6		enemy038	50	4	10	5	1	10	5	1	10
E	3	6	0			148									27	24	100																350	\Settings\DropRate.ini				0	0	0	0	0																							少林空灭			700	60	5		60	6		enemy039	50	4	10	5	1	10	5	1	10
R	3	6	0			149									33	40	100																350	\Settings\DropRate.ini				0	0	0	0	0																							戒律院首座			700	60	5		60	6		enemy040	50	4	10	5	1	10	5	1	10
T	3	6	0			150									19	30	100																350	\Settings\DropRate.ini				0	0	0	0	0																							达摩院首座			700	60	5		60	6		enemy041	50	4	10	5	1	10	5	1	10
Y	3	6	0			151									26	22	100																350	\Settings\DropRate.ini				0	0	0	0	0																							证道院首座			700	60	5		60	6		enemy042	50	4	10	5	1	10	5	1	10
U	3	6	0			152									28	36	100																350	\Settings\DropRate.ini				0	0	0	0	0																							罗汉堂首座			700	60	5		60	6		enemy043	50	4	10	5	1	10	5	1	10
I	3	6	0			153									20	28	100																350	\Settings\DropRate.ini				0	0	0	0	0																							般若堂首座			700	60	5		60	6		enemy044	50	4	10	5	1	10	5	1	10
O	3	6	0			154									20	45	100																350	\Settings\DropRate.ini				0	0	0	0	0																							藏经阁首座			700	60	5		60	6		enemy045	50	4	10	5	1	10	5	1	10
P	3	6	0			155									31	31	100																350	\Settings\DropRate.ini				0	0	0	0	0																							武当掌门			700	60	5		60	6		enemy046	50	4	10	5	1	10	5	1	10
A	3	6	0			156									33	33	100																350	\Settings\DropRate.ini				0	0	0	0	0																							武当护法叶继美			700	60	5		60	6		enemy047	50	4	10	5	1	10	5	1	10
S	3	6	0			157									27	29	100																350	\Settings\DropRate.ini				0	0	0	0	0																							武当护法徐岱岳			700	60	5		60	6		enemy048	50	4	10	5	1	10	5	1	10
D	3	6	0			158									30	31	100																350	\Settings\DropRate.ini				0	0	0	0	0																							武当护法周云泉			700	60	5		60	6		enemy049	50	4	10	5	1	10	5	1	10
F	3	6	0			159									36	40	100																350	\Settings\DropRate.ini				0	0	0	0	0																							武当护法单思南			700	60	5		60	6		enemy050	50	4	10	5	1	10	5	1	10
G	3	6	0			160									27	28	100																350	\Settings\DropRate.ini				0	0	0	0	0																							武当护法李天目			700	60	5		60	6		enemy051	50	4	10	5	1	10	5	1	10
H	3	6	0			161									33	38	100																350	\Settings\DropRate.ini				0	0	0	0	0																							武当护法姚石门			700	60	5		60	6		enemy052	50	4	10	5	1	10	5	1	10
J	3	6	0			162									28	32	100																350	\Settings\DropRate.ini				0	0	0	0	0																							武当侍童清风			700	60	5		60	6		enemy053	50	4	10	5	1	10	5	1	10
K	3	6	0			163									30	30	100																350	\Settings\DropRate.ini				0	0	0	0	0																							武当侍童明月			700	60	5		60	6		enemy054	50	4	10	5	1	10	5	1	10
L	3	6	0			164									32	28	100																350	\Settings\DropRate.ini				0	0	0	0	0																							峨嵋掌门			700	60	5		60	6		enemy055	50	4	10	5	1	10	5	1	10
Z	3	6	0			165									37	38	100																350	\Settings\DropRate.ini				0	0	0	0	0																							峨嵋尼姑妙如			700	60	5		60	6		enemy056	50	4	10	5	1	10	5	1	10
X	3	6	0			166									31	31	100																350	\Settings\DropRate.ini				0	0	0	0	0																							峨嵋尼姑妙隐			700	60	5		60	6		enemy057	50	4	10	5	1	10	5	1	10
C	3	6	0			167									25	24	100																350	\Settings\DropRate.ini				0	0	0	0	0																							拜月仙子			700	60	5		60	6		enemy058	50	4	10	5	1	10	5	1	10
V	3	6	0			168									31	31	100																350	\Settings\DropRate.ini				0	0	0	0	0																							折梅仙子			700	60	5		60	6		enemy059	50	4	10	5	1	10	5	1	10
B	3	6	0			169									31	31	100																350	\Settings\DropRate.ini				0	0	0	0	0																							横波仙子			700	60	5		60	6		enemy060	50	4	10	5	1	10	5	1	10
N	3	6	0			170									30	32	100																350	\Settings\DropRate.ini				0	0	0	0	0																							拂云仙子			700	60	5		60	6		enemy061	50	4	10	5	1	10	5	1	10
M	3	6	0			171									28	24	100																350	\Settings\DropRate.ini				0	0	0	0	0																							映雪仙子			700	60	5		60	6		enemy062	50	4	10	5	1	10	5	1	10
111	3	6	0			172									24	32	100																350	\Settings\DropRate.ini				0	0	0	0	0																							幽兰仙子			700	60	5		60	6		enemy063	50	4	10	5	1	10	5	1	10
123	3	6	0			173									24	26	100																350	\Settings\DropRate.ini				0	0	0	0	0																							移光仙子			700	60	5		60	6		enemy064	50	4	10	5	1	10	5	1	10
Q1	3	6	0			174									24	49	100																350	\Settings\DropRate.ini				0	0	0	0	0																							昆仑掌门			700	60	5		60	6		enemy065	50	4	10	5	1	10	5	1	10
W2	3	6	0			175									24	24	100																350	\Settings\DropRate.ini				0	0	0	0	0																							昆仑护法青莲子			700	60	5		60	6		enemy066	50	4	10	5	1	10	5	1	10
E3	3	6	0			176									36	36	100																350	\Settings\DropRate.ini				0	0	0	0	0																							昆仑护法玉衡子			700	60	5		60	6		enemy067	50	4	10	5	1	10	5	1	10
R4	3	6	0			177									24	54	100																350	\Settings\DropRate.ini				0	0	0	0	0																							昆仑护法叹息老人			700	60	5		60	6		enemy068	50	4	10	5	1	10	5	1	10
T5	3	6	0			178									21	36	100																350	\Settings\DropRate.ini				0	0	0	0	0																							昆仑护法童夕颜			700	60	5		60	6		enemy069	50	4	10	5	1	10	5	1	10
Y6	3	6	0			179									26	31	100																350	\Settings\DropRate.ini				0	0	0	0	0																							昆仑护法朱缺			700	60	5		60	6		enemy070	50	4	10	5	1	10	5	1	10
U8	3	6	0			180									32	50	100																350	\Settings\DropRate.ini				0	0	0	0	0																							丐帮帮主			700	60	5		60	6		enemy071	50	4	10	5	1	10	5	1	10
I7	3	6	0			181									30	35	100																350	\Settings\DropRate.ini				0	0	0	0	0																							传功长老			700	60	5		60	6		enemy072	50	4	10	5	1	10	5	1	10
O9	3	6	0			182									30	46	100																350	\Settings\DropRate.ini				0	0	0	0	0																							执法长老			700	60	5		60	6		enemy073	50	4	10	5	1	10	5	1	10
P10	3	6	0			183									19	24	100																350	\Settings\DropRate.ini				0	0	0	0	0																							掌j长老			700	60	5		60	6		enemy074	50	4	10	5	1	10	5	1	10
A11	3	6	0			184									30	27	100																350	\Settings\DropRate.ini				0	0	0	0	0																							掌棒长老			700	60	5		60	6		enemy075	50	4	10	5	1	10	5	1	10
S12	3	6	0			185									40	40	100																350	\Settings\DropRate.ini				0	0	0	0	0																							五袋弟子			700	60	5		60	6		enemy076	50	4	10	5	1	10	5	1	10
D13	3	6	0			186									26	33	100																350	\Settings\DropRate.ini				0	0	0	0	0																							唐门掌门			700	60	5		60	6		enemy077	50	4	10	5	1	10	5	1	10
F14	3	6	0			187									27	27	100																350	\Settings\DropRate.ini				0	0	0	0	0																							追魂叟			700	60	5		60	6		enemy078	50	4	10	5	1	10	5	1	10
G15	3	6	0			188									30	35	100																350	\Settings\DropRate.ini				0	0	0	0	0																							焦髯叟			700	60	5		60	6		enemy079	50	4	10	5	1	10	5	1	10
H16	3	6	0			189									28	44	100																350	\Settings\DropRate.ini				0	0	0	0	0																							绝春叟			700	60	5		60	6		enemy080	50	4	10	5	1	10	5	1	10
J17	3	6	0			190									30	30	100																350	\Settings\DropRate.ini				0	0	0	0	0																							白袍叟			700	60	5		60	6		enemy081	50	4	10	5	1	10	5	1	10
K18	3	6	0			191									35	28	100																350	\Settings\DropRate.ini				0	0	0	0	0																							唐一尘			700	60	5		60	6		enemy082	50	4	10	5	1	10	5	1	10
L19	3	6	0			192									32	28	100																350	\Settings\DropRate.ini				0	0	0	0	0																							唐不染			700	60	5		60	6		enemy083	50	4	10	5	1	10	5	1	10
Z20	3	6	0			193									28	36	100																350	\Settings\DropRate.ini				0	0	0	0	0																							天王帮主			700	60	5		60	6		enemy084	50	4	10	5	1	10	5	1	10
X21	3	6	0			194									35	33	100																350	\Settings\DropRate.ini				0	0	0	0	0																							天护法			700	60	5		60	6		enemy085	50	4	10	5	1	10	5	1	10
C22	3	6	0			195									30	35	100																350	\Settings\DropRate.ini				0	0	0	0	0																							地护法			700	60	5		60	6		enemy086	50	4	10	5	1	10	5	1	10
V23	3	6	0			196									30	30	100																350	\Settings\DropRate.ini				0	0	0	0	0																							前使			700	60	5		60	6		enemy087	50	4	10	5	1	10	5	1	10
B24	3	6	0			197									28	28	100																350	\Settings\DropRate.ini				0	0	0	0	0																							右使			700	60	5		60	6		enemy088	50	4	10	5	1	10	5	1	10
N25	3	6	0			198									30	35	100																350	\Settings\DropRate.ini				0	0	0	0	0																							左使			700	60	5		60	6		enemy089	50	4	10	5	1	10	5	1	10
M26	3	6	0			199									16	19	100																350	\Settings\DropRate.ini				0	0	0	0	0																							湖岛醉仙			700	60	5		60	6		enemy090	50	4	10	5	1	10	5	1	10
q1	3	6	0			200									30	31	100																350	\Settings\DropRate.ini				0	0	0	0	0																							五毒教主			700	60	5		60	6		enemy091	50	4	10	5	1	10	5	1	10
w2	3	6	0			201									31	31	100																350	\Settings\DropRate.ini				0	0	0	0	0																							金蛇香主			700	60	5		60	6		enemy092	50	4	10	5	1	10	5	1	10
e3	3	6	0			202									31	35	100																350	\Settings\DropRate.ini				0	0	0	0	0																							赤蝎香主			700	60	5		60	6		enemy093	50	4	10	5	1	10	5	1	10
r4	3	6	0			203									30	30	100																350	\Settings\DropRate.ini				0	0	0	0	0																							墨蛛香主			700	60	5		60	6		enemy094	50	4	10	5	1	10	5	1	10
t5	3	6	0			204									24	30	100																350	\Settings\DropRate.ini				0	0	0	0	0																							银蟾香主			700	60	5		60	6		enemy095	50	4	10	5	1	10	5	1	10
y6	3	6	0			205									31	30	100																350	\Settings\DropRate.ini				0	0	0	0	0																							青蜈香主			700	60	5		60	6		enemy096	50	4	10	5	1	10	5	1	10
u7	3	6	0			206									28	24	100																350	\Settings\DropRate.ini				0	0	0	0	0																							毒仙子			700	60	5		60	6		enemy097	50	4	10	5	1	10	5	1	10
i8	3	6	0			207									28	30	100																350	\Settings\DropRate.ini				0	0	0	0	0																							翠烟掌门			700	60	5		60	6		enemy098	50	4	10	5	1	10	5	1	10
o9	3	6	0			208									19	24	100																350	\Settings\DropRate.ini				0	0	0	0	0																							海棠使者			700	60	5		60	6		enemy099	50	4	10	5	1	10	5	1	10
p10	3	6	0			209									24	29	100																350	\Settings\DropRate.ini				0	0	0	0	0																							水仙使者			700	60	5		60	6		enemy100	50	4	10	5	1	10	5	1	10
a11	3	6	0			210									30	30	100																350	\Settings\DropRate.ini				0	0	0	0	0																							蔷薇使者			700	60	5		60	6		enemy101	50	4	10	5	1	10	5	1	10
s12	3	6	0			211									19	28	100																350	\Settings\DropRate.ini				0	0	0	0	0																							梨花使者			700	60	5		60	6		enemy102	50	4	10	5	1	10	5	1	10
d13	3	6	0			212									30	30	100																350	\Settings\DropRate.ini				0	0	0	0	0																							天忍教主			700	60	5		60	6		enemy103	50	4	10	5	1	10	5	1	10
f14	3	6	0			213									30	31	100																350	\Settings\DropRate.ini				0	0	0	0	0																							左护法			700	60	5		60	6		enemy104	50	4	10	5	1	10	5	1	10
g15	3	6	0			214									30	36	100																350	\Settings\DropRate.ini				0	0	0	0	0																							右护法			700	60	5		60	6		enemy105	50	4	10	5	1	10	5	1	10
g16	3	6	0			215									29	30	100																350	\Settings\DropRate.ini				0	0	0	0	0																							风堂堂主			700	60	5		60	6		enemy106	50	4	10	5	1	10	5	1	10
h17	3	6	0			216									32	32	100																350	\Settings\DropRate.ini				0	0	0	0	0																							火堂堂主			700	60	5		60	6		enemy107	50	4	10	5	1	10	5	1	10
j18	3	6	0			217									28	34	100																350	\Settings\DropRate.ini				0	0	0	0	0																							雷堂堂主			700	60	5		60	6		enemy108	50	4	10	5	1	10	5	1	10
k19	3	6	0			218									28	28	100																350	\Settings\DropRate.ini				0	0	0	0	0																							日、月坛坛主			700	60	5		60	6		enemy109	50	4	10	5	1	10	5	1	10
l20	3	6	0			219									30	40	100																350	\Settings\DropRate.ini				0	0	0	0	0																							星坛坛主			700	60	5		60	6		enemy110	50	4	10	5	1	10	5	1	10
z21	3	6	0			220									22	30	100																350	\Settings\DropRate.ini				0	0	0	0	0																							独孤剑			700	60	5		60	6		enemy111	50	4	10	5	1	10	5	1	10
x22	3	6	0			221									36	33	100																350	\Settings\DropRate.ini				0	0	0	0	0																							张琳心			700	60	5		60	6		enemy112	50	4	10	5	1	10	5	1	10
c23	0	5	0			230	30	15	15	13	6	6	25	25	30	40	100	3	3	40	40	80	80	80	0	0	60	75	75	90	75	1000	400	\Settings\DropRate.ini		50	3600	0	0	0	0	0		天王战意	1|0.2	短兵物理攻击	1|0	短兵物理攻击	1|0	短兵物理攻击	1|0	3	50|4	5|1	5|1	60|6				0|0	0|0.5	0|0.5	0|0.95	0|0.5	西北山贼首领	8	2.5	700	60	5		60	6		enemy121	50	4	10	5	1	10	5	1	10
v24	0	5	1			231	27	18	18	12	6	6	25	25	35	35	100	3	3	1	1	80	80	80	0	0	75	75	90	75	60	1000	400	\Settings\DropRate.ini		50	3600	0	0	0	0	0		天王战意	1|0.2	短兵物理攻击	1|0	短兵物理攻击	1|0	短兵物理攻击	1|0	3	50|4	5|1	5|1	60|6				0|0.5	0|0.5	0|0.95	0|0.5	0|0	西南山贼首领	8	2.5	700	60	5		60	6		enemy122	50	4	10	5	1	10	5	1	10
b25	0	5	2			232	30	16	16	12	6	6	25	25	30	30	100	3	3	40	30	80	80	80	0	0	90	75	60	75	75	1000	400	\Settings\DropRate.ini		50	3600	0	0	0	0	0		天王战意	1|0.2	短兵物理攻击	1|0	短兵物理攻击	1|0	短兵物理攻击	1|0	3	50|4	5|1	5|1	60|6				0|0.95	0|0.5	0|0	0|0.5	0|0.5	江南山贼首领	8	2.5	700	60	5		60	6		enemy123	50	4	10	5	1	10	5	1	10
n26	0	5	3			233	36	18	18	13	6	6	25	25	30	30	100	3	3	30	20	80	80	80	0	0	75	60	75	75	90	1000	400	\Settings\DropRate.ini		50	3600	0	0	0	0	0		天王战意	1|0.2	短兵物理攻击	1|0	短兵物理攻击	1|0	短兵物理攻击	1|0	3	50|4	5|1	5|1	60|6				0|0.5	0|0	0|0.5	0|0.5	0|0.95	东北山贼首领	8	2.5	700	60	5		60	6		enemy124	50	4	10	5	1	10	5	1	10
m27	0	5	4			234	33	18	18	13	6	6	25	25	30	30	100	3	3	1	1	80	80	80	0	0	75	90	75	60	75	1000	400	\Settings\DropRate.ini		50	3600	0	0	0	0	0		天王战意	1|0.2	短兵物理攻击	1|0	短兵物理攻击	1|0	短兵物理攻击	1|0	3	50|4	5|1	5|1	60|6				0|0.5	0|0.95	0|0.5	0|0	0|0.5	华北山贼首领	8	2.5	700	60	5		60	6		enemy125	50	4	10	5	1	10	5	1	10
	0	5	0			235	36	19	19	13	6	6	25	25	36	27	100	3	3	40	50	80	80	80	0	0	60	75	75	90	75	1000	400	\Settings\DropRate.ini		50	3600	0	0	0	0	0		天王战意	1|0.2	短兵物理攻击	1|0	短兵物理攻击	1|0	短兵物理攻击	1|0	3	50|4	5|1	5|1	60|6				0|0	0|0.5	0|0.5	0|0.95	0|0.5	南部山贼首领	8	2.5	700	60	5		60	6		enemy126	50	4	10	5	1	10	5	1	10
中原山贼首领	0	5	1			236	42	18	18	14	6	6	25	25	36	36	100	3	3	1	1	60	80	100	0	0	75	75	90	75	60	1000	400	\Settings\DropRate.ini		50	3600	0	0	0	0	0		天王战意	1|0.2	短兵物理攻击	1|0	短兵物理攻击	1|0	短兵物理攻击	1|0	3	50|4	5|1	5|1	60|6				0|0.5	0|0.5	0|0.95	0|0.5	0|0	中原山贼首领	8	2.5	700	60	5		60	6		enemy127	50	4	10	5	1	10	5	1	10
山贼首领1	0	5	2			237	32	14	14	13	6	6	25	25	35	36	100	3	3	20	20	80	50	70	0	0	90	75	60	75	75	1000	400	\Settings\DropRate.ini		50	3600	0	0	0	0	0		天王战意	1|0.2	短兵物理攻击	1|0	短兵物理攻击	1|0	短兵物理攻击	1|0	3	50|4	5|1	5|1	60|6				0|0.95	0|0.5	0|0	0|0.5	0|0.5	山贼首领1	8	2.5	700	60	5		60	6		enemy128	50	4	10	5	1	10	5	1	10
山贼首领2	0	5	3			238	31	18	18	13	6	6	25	25	36	40	100	3	3	20	35	80	50	70	0	0	75	60	75	75	90	1000	400	\Settings\DropRate.ini		50	3600	0	0	0	0	0		天王战意	1|0.2	短兵物理攻击	1|0	短兵物理攻击	1|0	短兵物理攻击	1|0	3	50|4	5|1	5|1	60|6				0|0.5	0|0	0|0.5	0|0.5	0|0.95	山贼首领2	8	2.5	700	60	5		60	6		enemy129	50	4	10	5	1	10	5	1	10
西北山贼1	0	5	4			239	33	15	15	13	6	6	25	25	27	30	100	2	3	40	80	80	70	100	0	0	75	90	75	60	75	1000	400	\Settings\DropRate.ini		50	3600	0	0	0	0	0		短兵物理攻击	1|0	短兵物理攻击	1|0	短兵物理攻击	1|0	短兵物理攻击	1|0	3	50|4	5|1	5|1	60|6				0|0.5	0|0.95	0|0.5	0|0	0|0.5	西北山贼1	8	2.5	700	60	5		60	6		enemy130	50	4	10	5	1	10	5	1	10
西北山贼2	0	5	0			240	24	18	18	14	6	6	25	25	35	35	100	2	3	40	42	80	80	80	0	0	60	75	75	90	75	1000	400	\Settings\DropRate.ini		50	3600	0	0	0	0	0		短兵物理攻击	1|0	短兵物理攻击	1|0	短兵物理攻击	1|0	短兵物理攻击	1|0	3	50|4	5|1	5|1	60|6				0|0	0|0.5	0|0.5	0|0.95	0|0.5	西北山贼2	8	2.5	700	60	5		60	6		enemy131	50	4	10	5	1	10	5	1	10
西南山贼1	0	5	1			241	28	16	16	14	6	6	25	25	35	33	100	2	3	30	35	80	80	80	0	0	75	75	90	75	60	1000	400	\Settings\DropRate.ini		50	3600	0	0	0	0	0		短兵物理攻击	1|0	短兵物理攻击	1|0	短兵物理攻击	1|0	短兵物理攻击	1|0	3	50|4	5|1	5|1	60|6				0|0.5	0|0.5	0|0.95	0|0.5	0|0	西南山贼1	8	2.5	700	60	5		60	6		enemy132	50	4	10	5	1	10	5	1	10
西南山贼2	0	5	2			242	38	19	19	14	6	6	25	25	30	29	100	2	3	20	40	80	80	80	0	0	90	75	60	75	75	1000	400	\Settings\DropRate.ini		50	3600	0	0	0	0	0		短兵物理攻击	1|0	短兵物理攻击	1|0	短兵物理攻击	1|0	短兵物理攻击	1|0	3	50|4	5|1	5|1	60|6				0|0.95	0|0.5	0|0	0|0.5	0|0.5	西南山贼2	8	2.5	700	60	5		60	6		enemy133	50	4	10	5	1	10	5	1	10
江南山贼1	0	5	3			243	33	14	14	13	6	6	25	25	25	35	100	2	3	40	60	80	70	100	0	0	75	60	75	75	90	1000	400	\Settings\DropRate.ini		50	3600	0	0	0	0	0		短兵物理攻击	1|0	短兵物理攻击	1|0	短兵物理攻击	1|0	短兵物理攻击	1|0	3	50|4	5|1	5|1	60|6				0|0.5	0|0	0|0.5	0|0.5	0|0.95	江南山贼1	8	2.5	700	60	5		60	6		enemy134	50	4	10	5	1	10	5	1	10
江南山贼2	0	5	4			244	38	18	18	14	6	6	25	25	36	36	100	2	3	1	1	60	80	100	0	0	75	90	75	60	75	1000	400	\Settings\DropRate.ini		50	3600	0	0	0	0	0		短兵物理攻击	1|0	短兵物理攻击	1|0	短兵物理攻击	1|0	短兵物理攻击	1|0	3	50|4	5|1	5|1	60|6				0|0.5	0|0.95	0|0.5	0|0	0|0.5	江南山贼2	8	2.5	700	60	5		60	6		enemy135	50	4	10	5	1	10	5	1	10
华南山贼1	0	5	0			245	33	24	24	15	6	6	25	25	40	39	100	2	3	40	60	80	70	100	0	0	60	75	75	90	75	1000	400	\Settings\DropRate.ini		50	3600	0	0	0	0	0		短兵物理攻击	1|0	短兵物理攻击	1|0	短兵物理攻击	1|0	短兵物理攻击	1|0	3	50|4	5|1	5|1	60|6				0|0	0|0.5	0|0.5	0|0.95	0|0.5	华南山贼1	8	2.5	700	60	5		60	6		enemy136	50	4	10	5	1	10	5	1	10
华南山贼2	0	5	1			246	32	19	19	14	6	6	25	25	36	39	100	2	3	1	1	60	80	100	0	0	75	75	90	75	60	1000	400	\Settings\DropRate.ini		50	3600	0	0	0	0	0		短兵物理攻击	1|0	短兵物理攻击	1|0	短兵物理攻击	1|0	短兵物理攻击	1|0	3	50|4	5|1	5|1	60|6				0|0.5	0|0.5	0|0.95	0|0.5	0|0	华南山贼2	8	2.5	700	60	5		60	6		enemy137	50	4	10	5	1	10	5	1	10
东北山贼1	0	5	2			247	28	18	18	14	6	6	25	25	33	39	100	2	3	5	90	60	80	95	0	0	90	75	60	75	75	1000	400	\Settings\DropRate.ini		50	3600	0	0	0	0	0		短兵物理攻击	1|0	短兵物理攻击	1|0	短兵物理攻击	1|0	短兵物理攻击	1|0	3	50|4	5|1	5|1	60|6				0|0.95	0|0.5	0|0	0|0.5	0|0.5	东北山贼1	8	2.5	700	60	5		60	6		enemy138	50	4	10	5	1	10	5	1	10
东北山贼2	0	5	3			248	30	15	15	28	6	6	25	25	20	34	100	2	3	1	1	60	80	100	0	0	75	60	75	75	90	1000	400	\Settings\DropRate.ini		50	3600	0	0	0	0	0		短兵物理攻击	1|0	短兵物理攻击	1|0	短兵物理攻击	1|0	短兵物理攻击	1|0	3	50|4	5|1	5|1	60|6				0|0.5	0|0	0|0.5	0|0.5	0|0.95	东北山贼2	8	2.5	700	60	5		60	6		enemy139	50	4	10	5	1	10	5	1	10
华北山贼1	0	5	4			249	22	18	18	14	6	6	25	25	28	30	100	2	3	40	60	80	70	100	0	0	75	90	75	60	75	1000	400	\Settings\DropRate.ini		50	3600	0	0	0	0	0		短兵物理攻击	1|0	短兵物理攻击	1|0	短兵物理攻击	1|0	短兵物理攻击	1|0	3	50|4	5|1	5|1	60|6				0|0.5	0|0.95	0|0.5	0|0	0|0.5	华北山贼1	8	2.5	700	60	5		60	6		enemy140	50	4	10	5	1	10	5	1	10
华北山贼2	0	5	0			250	21	19	19	16	6	6	25	25	34	36	100	2	3	1	1	60	80	100	0	0	60	75	75	90	75	1000	400	\Settings\DropRate.ini		50	3600	0	0	0	0	0		短兵物理攻击	1|0	短兵物理攻击	1|0	短兵物理攻击	1|0	短兵物理攻击	1|0	3	50|4	5|1	5|1	60|6				0|0	0|0.5	0|0.5	0|0.95	0|0.5	华北山贼2	8	2.5	700	60	5		60	6		enemy141	50	4	10	5	1	10	5	1	10
中原山贼1	0	5	1			251	30	16	16	14	6	6	25	25	34	35	100	2	3	0	0	80	90	100	0	0	75	75	90	75	60	1000	400	\Settings\DropRate.ini		50	3600	0	0	0	0	0		短兵物理攻击	1|0	短兵物理攻击	1|0	短兵物理攻击	1|0	短兵物理攻击	1|0	3	50|4	5|1	5|1	60|6				0|0.5	0|0.5	0|0.95	0|0.5	0|0	中原山贼1	8	2.5	700	60	5		60	6		enemy142	50	4	10	5	1	10	5	1	10
中原山贼2	0	5	2			252	28	19	19	14	6	6	25	25	36	48	100	2	3	1	1	60	80	100	0	0	90	75	60	75	75	1000	400	\Settings\DropRate.ini		50	3600	0	0	0	0	0		短兵物理攻击	1|0	短兵物理攻击	1|0	短兵物理攻击	1|0	短兵物理攻击	1|0	3	50|4	5|1	5|1	60|6				0|0.95	0|0.5	0|0	0|0.5	0|0.5	中原山贼2	8	2.5	700	60	5		60	6		enemy143	50	4	10	5	1	10	5	1	10
山贼01	0	5	3			253	40	21	21	14	6	6	25	25	18	45	100	2	3	40	60	80	70	100	0	0	75	60	75	75	90	1000	400	\Settings\DropRate.ini		50	3600	0	0	0	0	0		短兵物理攻击	1|0	短兵物理攻击	1|0	短兵物理攻击	1|0	短兵物理攻击	1|0	3	50|4	5|1	5|1	60|6				0|0.5	0|0	0|0.5	0|0.5	0|0.95	山贼01	8	2.5	700	60	5		60	6		enemy144	50	4	10	5	1	10	5	1	10
山贼02	0	5	4			254	38	20	20	14	6	6	25	25	36	40	100	2	3	1	1	60	80	100	0	0	75	90	75	60	75	1000	400	\Settings\DropRate.ini		50	3600	0	0	0	0	0		短兵物理攻击	1|0	短兵物理攻击	1|0	短兵物理攻击	1|0	短兵物理攻击	1|0	3	50|4	5|1	5|1	60|6				0|0.5	0|0.95	0|0.5	0|0	0|0.5	山贼02	8	2.5	700	60	5		60	6		enemy145	50	4	10	5	1	10	5	1	10
山贼03	0	5	0			255	36	21	21	14	6	6	25	25	36	36	100	2	3	20	50	80	90	100	0	0	60	75	75	90	75	1000	400	\Settings\DropRate.ini		50	3600	0	0	0	0	0		短兵物理攻击	1|0	短兵物理攻击	1|0	短兵物理攻击	1|0	短兵物理攻击	1|0	3	50|4	5|1	5|1	60|6				0|0	0|0.5	0|0.5	0|0.95	0|0.5	山贼03	8	2.5	700	60	5		60	6		enemy146	50	4	10	5	1	10	5	1	10
山贼04	0	5	0			256	32	21	21	15	6	6	25	25	36	45	100	2	3	1	1	60	80	100	0	0	75	75	90	75	60	1000	400	\Settings\DropRate.ini		50	3600	0	0	0	0	0		短兵物理攻击	1|0	短兵物理攻击	1|0	短兵物理攻击	1|0	短兵物理攻击	1|0	3	50|4	5|1	5|1	60|6				0|0.5	0|0.5	0|0.95	0|0.5	0|0	山贼04	8	2.5	700	60	5		60	6		enemy147	50	4	10	5	1	10	5	1	10
山贼05	0	5	0			257	31	19	19	14	6	6	25	25	36	40	100	2	3	40	60	80	70	100	0	0	90	75	60	75	75	1000	400	\Settings\DropRate.ini		50	3600	0	0	0	0	0		短兵物理攻击	1|0	短兵物理攻击	1|0	短兵物理攻击	1|0	短兵物理攻击	1|0	3	50|4	5|1	5|1	60|6				0|0.95	0|0.5	0|0	0|0.5	0|0.5	山贼05	8	2.5	700	60	5		60	6		enemy148	50	4	10	5	1	10	5	1	10
山贼06	0	5	0			258	27	19	19	15	6	6	25	25	36	36	100	2	3	1	1	60	80	100	0	0	75	60	75	75	90	1000	400	\Settings\DropRate.ini		50	3600	0	0	0	0	0		短兵物理攻击	1|0	短兵物理攻击	1|0	短兵物理攻击	1|0	短兵物理攻击	1|0	3	50|4	5|1	5|1	60|6				0|0.5	0|0	0|0.5	0|0.5	0|0.95	山贼06	8	2.5	700	60	5		60	6		enemy149	50	4	10	5	1	10	5	1	10
山贼07	0	5	0			259	16	18	18	15	6	6	25	25	24	36	100	2	3	10	20	60	70	100	0	0	75	90	75	60	75	1000	400	\Settings\DropRate.ini		50	3600	0	0	0	0	0		短兵物理攻击	1|0	短兵物理攻击	1|0	短兵物理攻击	1|0	短兵物理攻击	1|0	3	50|4	5|1	5|1	60|6				0|0.5	0|0.95	0|0.5	0|0	0|0.5	山贼07	8	2.5	700	60	5		60	6		enemy150	50	4	10	5	1	10	5	1	10
翠烟门春香婆婆	3	6	0												33	25	100																350	\Settings\DropRate.ini				0	0	0	0	0																							翠烟门春香婆婆	8	2.5	700	60	5		60	6		enemy151	50	4	10	5	1	10	5	1	10
翠烟门弟子	3	6	0												30	33	100																350	\Settings\DropRate.ini				0	0	0	0	0																							翠烟门弟子	8	2.5	700	60	5		60	6		enemy152	50	4	10	5	1	10	5	1	10
翠烟门禁地老者	3	6	0												40	89	100																350	\Settings\DropRate.ini				0	0	0	0	0																							翠烟门禁地老者	8	2.5	700	60	5		60	6		enemy153	50	4	10	5	1	10	5	1	10
高人	3	6	0												17	33	100																350	\Settings\DropRate.ini				0	0	0	0	0																							高人	8	2.5	700	60	5		60	6		enemy154	50	4	10	5	1	10	5	1	10
丐帮弟子	3	6	0												17	38	100																350	\Settings\DropRate.ini				0	0	0	0	0																							丐帮弟子	8	2.5	700	60	5		60	6		enemy155	50	4	10	5	1	10	5	1	10
丐帮赵舵主	3	6	0												17	42	100																350	\Settings\DropRate.ini				0	0	0	0	0																							丐帮赵舵主	8	2.5	700	60	5		60	6		enemy156	50	4	10	5	1	10	5	1	10
怪人	0	5	0			260	24	18	18	6	6	6	25	25	19	27	100		3	1	1	90	90	90	0	0	75	75	75	75	75	1000	400	\Settings\DropRate.ini		50	3600	0	0	0	0	0		天王战意	1|0	短兵物理攻击	1|0	短兵物理攻击	1|0	短兵物理攻击	1|0	3	50|4	5|1	5|1	60|6				0	0	0|0	0	0	怪人	8	2.5	700	60	5		60	6		enemy157	50	4	10	5	1	10	5	1	10
唐门弟子	3	6	0												24	49	100																350	\Settings\DropRate.ini				0	0	0	0	0																							唐门弟子	8	2.5	700	60	5		60	6		enemy158	50	4	10	5	1	10	5	1	10
耿子奇	3	6	0												32	32	100																350	\Settings\DropRate.ini				0	0	0	0	0																							耿子奇	8	2.5	700	60	5		60	6		enemy159	50	4	10	5	1	10	5	1	10
唐元	3	6	0												24	49	100																350	\Settings\DropRate.ini				0	0	0	0	0																							唐元	8	2.5	700	60	5		60	6		enemy160	50	4	10	5	1	10	5	1	10
唐元舅舅	3	6	0												15	43	100																350	\Settings\DropRate.ini				0	0	0	0	0																							唐元舅舅	8	2.5	700	60	5		60	6		enemy161	50	4	10	5	1	10	5	1	10
天忍教弟子1	3	6	0												32	30	100																350	\Settings\DropRate.ini				0	0	0	0	0																							天忍教弟子1	8	2.5	700	60	5		60	6		enemy162	50	4	10	5	1	10	5	1	10
天忍教弟子2	3	6	0												16	16	100																350	\Settings\DropRate.ini				0	0	0	0	0																							天忍教弟子2	8	2.5	700	60	5		60	6		enemy163	50	4	10	5	1	10	5	1	10
天王帮弟子1	3	6	0												30	35	100																350	\Settings\DropRate.ini				0	0	0	0	0																							天王帮弟子1	8	2.5	700	60	5		60	6		enemy164	50	4	10	5	1	10	5	1	10
天王帮弟子2	3	6	0												60	37	100																350	\Settings\DropRate.ini				0	0	0	0	0																							天王帮弟子2	8	2.5	700	60	5		60	6		enemy165	50	4	10	5	1	10	5	1	10
天王帮弟子3	3	6	0												30	35	100																350	\Settings\DropRate.ini				0	0	0	0	0																							天王帮弟子3	8	2.5	700	60	5		60	6		enemy166	50	4	10	5	1	10	5	1	10
五毒教弟子	3	6	0												20	23	100																350	\Settings\DropRate.ini				0	0	0	0	0																							五毒教弟子	8	2.5	700	60	5		60	6		enemy167	50	4	10	5	1	10	5	1	10
武当派润娘	3	6	0												22	32	100																350	\Settings\DropRate.ini				0	0	0	0	0																							武当派润娘	8	2.5	700	60	5		60	6		enemy168	50	4	10	5	1	10	5	1	10
武当弟子	3	6	0												42	42	100																350	\Settings\DropRate.ini				0	0	0	0	0																							武当弟子	8	2.5	700	60	5		60	6		enemy169	50	4	10	5	1	10	5	1	10
少林弟子	3	6	0												27	32	100																350	\Settings\DropRate.ini				0	0	0	0	0																							少林弟子	8	2.5	700	60	5		60	6		enemy170	50	4	10	5	1	10	5	1	10
木人	0	5	0			261	35	15	15	12	6	6	25	25	36	36	100	1	3	1	1	80	50	100	0	0	85	85	85	85	85	1000	400	\Settings\DropRate.ini		50	3600	0	0	0	0	0		天王战意	1|0	短兵物理攻击	1|0	短兵物理攻击	1|0	短兵物理攻击	1|0	3	50|4	5|1	5|1	60|6				5|0.8	5|0.8	5|0.8	5|0.8	5|0.8	木人	8	2.5	700	60	5		60	6		enemy171	50	4	10	5	1	10	5	1	10
铜人	0	5	0			262	35	19	19	14	6	6	25	25	28	28	100	1	3	1	1	80	50	100	0	0	95	95	95	95	95	1000	400	\Settings\DropRate.ini		50	3600	0	0	0	0	0		天王战意	1|0	短兵物理攻击	1|0	短兵物理攻击	1|0	短兵物理攻击	1|0	3	50|4	5|1	5|1	60|6				10|0.9	10|0.9	10|0.9	10|0.9	10|0.9	铜人	8	2.5	700	60	5		60	6		enemy172	50	4	10	5	1	10	5	1	10
女刺客	0	5	0			263	28	16	16	13	6	6	25	25	28	30	100	1	3	35	36	80	80	80	0	0	75	75	75	75	75	1000	400	\Settings\DropRate.ini		50	3600	0	0	0	0	0		天王战意	1|0	短兵物理攻击	1|0	短兵物理攻击	1|0	短兵物理攻击	1|0	3	50|4	5|1	5|1	60|6				0|0.3	0|0.3	0|0.3	0|0.3	0|0.3	女刺客	8	2.5	700	60	5		60	6		enemy173	50	4	10	5	1	10	5	1	10
尼姑清和	0	5	0			264	26	22	22	12	6	6	25	25	24	24	100	1	3	20	5	80	50	100	0	0	75	75	75	75	75	1000	400	\Settings\DropRate.ini		50	3600	0	0	0	0	0		天王战意	1|0	短兵物理攻击	1|0	短兵物理攻击	1|0	短兵物理攻击	1|0	3	50|4	5|1	5|1	60|6				0|0.3	0|0.3	0|0.3	0|0.3	0|0.3	尼姑清和	8	2.5	700	60	5		60	6		enemy174	50	4	10	5	1	10	5	1	10
宁心师太	3	6	0												19	24	100																350	\Settings\DropRate.ini				0	0	0	0	0																							宁心师太	8	2.5	700	60	5		60	6		enemy175	50	4	10	5	1	10	5	1	10
客栈老板	3	6	0												45	28	100																350	\Settings\DropRate.ini				0	0	0	0	0																				0|0			客栈老板										passerby001									
客栈小二甲	3	6	0												30	38	100																350	\Settings\DropRate.ini				0	0	0	0	0																				0|0			客栈小二甲										passerby002									
铁匠老板一	3	6	0												26	24	100																350	\Settings\DropRate.ini				0	0	0	0	0																				0|0			铁匠老板一										passerby004_1									
铁匠老板二	3	6	0												26	24	100																350	\Settings\DropRate.ini				0	0	0	0	0																				0|0			铁匠老板二										passerby004_2									
铁匠老板三	3	6	0												26	24	100																350	\Settings\DropRate.ini				0	0	0	0	0																				0|0			铁匠老板三										passerby004_3									
铁匠学徒乙一	3	6	0												22	20	100																350	\Settings\DropRate.ini				0	0	0	0	0																				0|0			铁匠学徒乙一										passerby006_1									
铁匠学徒乙二	3	6	0												22	20	100																350	\Settings\DropRate.ini				0	0	0	0	0																				0|0			铁匠学徒乙二										passerby006_2									
铁匠学徒乙三	3	6	0												22	20	100																350	\Settings\DropRate.ini				0	0	0	0	0																				0|0			铁匠学徒乙三										passerby006_3									
药店老板	3	6	0												28	30	100																350	\Settings\DropRate.ini				0	0	0	0	0																				0|0			药店老板										passerby007									
采药少女	3	6	0												24	38	100																350	\Settings\DropRate.ini				0	0	0	0	0																				0|0			采药少女										passerby008									
宠物老板	3	6	0												24	34	100																350	\Settings\DropRate.ini				0	0	0	0	0																				0|0			宠物老板										passerby010									
宠物老板娘一	3	6	0												22	44	100																350	\Settings\DropRate.ini				0	0	0	0	0																				0|0			宠物老板娘一										passerby011_1									
宠物老板娘二	3	6	0												22	44	100																350	\Settings\DropRate.ini				0	0	0	0	0																				0|0			宠物老板娘二										passerby011_2
宠物老板娘三	3	6	0												22	44	100																350	\Settings\DropRate.ini				0	0	0	0	0																				0|0			宠物老板娘三										passerby011_3
赌场老板	3	6	0												26	26	100																350	\Settings\DropRate.ini				0	0	0	0	0																				0|0			赌场老板										passerby013
赌场打手甲	3	6	0												30	28	100																350	\Settings\DropRate.ini				0	0	0	0	0																				0|0			赌场打手甲										passerby014
赌场打手乙	3	6	0												30	28	100																350	\Settings\DropRate.ini				0	0	0	0	0																				0|0			赌场打手乙										passerby015
酒店老板甲	3	6	0												26	32	100																350	\Settings\DropRate.ini				0	0	0	0	0																				0|0			酒店老板甲										passerby018
酒店老板乙	3	6	0												26	27	100																350	\Settings\DropRate.ini				0	0	0	0	0																				0|0			酒店老板乙										passerby019
酒保甲	3	6	0												32	40	100																350	\Settings\DropRate.ini				0	0	0	0	0																				0|0			酒保甲										passerby020
杂货老板乙	3	6	0												34	36	100																350	\Settings\DropRate.ini				0	0	0	0	0																				0|0			杂货老板乙										passerby023
杂货老板丙	3	6	0												26	40	100																350	\Settings\DropRate.ini				0	0	0	0	0																				0|0			杂货老板丙										passerby024
当铺老板	3	6	0												26	32	100																350	\Settings\DropRate.ini				0	0	0	0	0																				0|0			当铺老板										passerby025
估价先生	3	6	0												26	44	100																350	\Settings\DropRate.ini				0	0	0	0	0																				0|0			估价先生										passerby027
当铺伙计	3	6	0												25	14	100																350	\Settings\DropRate.ini				0	0	0	0	0																				0|0			当铺伙计										passerby028
妓院老鸨	3	6	0												26	33	100																350	\Settings\DropRate.ini				0	0	0	0	0																				0|0			妓院老鸨										passerby029
妓女甲	3	6	0												28	32	100																350	\Settings\DropRate.ini				0	0	0	0	0																				0|0			妓女甲										passerby030
妓女乙	3	6	0												26	36	100																350	\Settings\DropRate.ini				0	0	0	0	0																				0|0			妓女乙										passerby031
妓女丙	3	6	0												24	32	100																350	\Settings\DropRate.ini				0	0	0	0	0																				0|0			妓女丙										passerby032
茶馆老板	3	6	0												25	32	100																350	\Settings\DropRate.ini				0	0	0	0	0																				0|0			茶馆老板										passerby033
茶博士	3	6	0												19	36	100																350	\Settings\DropRate.ini				0	0	0	0	0																				0|0			茶博士										passerby034
钱庄老板一	3	6	0												19	21	100																350	\Settings\DropRate.ini				0	0	0	0	0																				0|0			钱庄老板一										passerby036_1
钱庄老板二	3	6	0												19	21	100																350	\Settings\DropRate.ini				0	0	0	0	0																				0|0			钱庄老板二										passerby036_2
钱庄老板三	3	6	0												19	21	100																350	\Settings\DropRate.ini				0	0	0	0	0																				0|0			钱庄老板三										passerby036_3
马贩子甲一	3	6	0												38	40	100																350	\Settings\DropRate.ini				0	0	0	0	0																				0|0			马贩子甲一										passerby037_1
马贩子甲二	3	6	0												38	40	100																350	\Settings\DropRate.ini				0	0	0	0	0																				0|0			马贩子甲二										passerby037_2
马贩子甲三	3	6	0												38	40	100																350	\Settings\DropRate.ini				0	0	0	0	0																				0|0			马贩子甲三										passerby037_3
马贩子乙一	3	6	0												40	40	100																350	\Settings\DropRate.ini				0	0	0	0	0																				0|0			马贩子乙一										passerby038_1
马贩子乙二	3	6	0												40	40	100																350	\Settings\DropRate.ini				0	0	0	0	0																				0|0			马贩子乙二										passerby038_2
马贩子乙三	3	6	0												40	40	100																350	\Settings\DropRate.ini				0	0	0	0	0																				0|0			马贩子乙三										passerby038_3
Giu Ngua乙一	3	6	0												30	30	100																350	\Settings\DropRate.ini				0	0	0	0	0																				0|0			车夫乙一										passerby040_1
Giu Ngua乙二	3	6	0												30	30	100																350	\Settings\DropRate.ini				0	0	0	0	0																				0|0			车夫乙二										passerby040_2
Giu Ngua乙三	3	6	0												30	30	100																350	\Settings\DropRate.ini				0	0	0	0	0																				0|0			车夫乙三										passerby040_3
Giu Ngua丙	3	6	0												22	36	100																350	\Settings\DropRate.ini				0	0	0	0	0																				0|0			车夫丙										passerby041
Giu Ngua丁	3	6	0												26	32	100																350	\Settings\DropRate.ini				0	0	0	0	0																				0|0			车夫丁										passerby042
船夫甲	3	6	0												26	30	100																350	\Settings\DropRate.ini				0	0	0	0	0																				0|0			船夫甲										passerby043
船夫乙	3	6	0												32	32	100																350	\Settings\DropRate.ini				0	0	0	0	0																				0|0			船夫乙										passerby044
船夫丙	3	6	0												12	34	100																350	\Settings\DropRate.ini				0	0	0	0	0																				0|0			船夫丙										passerby045
员外甲	3	6	0												30	34	100																350	\Settings\DropRate.ini				0	0	0	0	0																				0|0			员外甲										passerby047
员外乙	3	6	0												30	40	100																350	\Settings\DropRate.ini				0	0	0	0	0																				0|0			员外乙										passerby048
老头甲	3	6	0												28	60	100																350	\Settings\DropRate.ini				0	0	0	0	0																				0|0			老头甲										passerby049
老头乙	3	6	0												24	28	100																350	\Settings\DropRate.ini				0	0	0	0	0																				0|0			老头乙										passerby050
老太太甲	3	6	0												30	30	100																350	\Settings\DropRate.ini				0	0	0	0	0																				0|0			老太太甲										passerby051
老太太乙	3	6	0												16	30	100																350	\Settings\DropRate.ini				0	0	0	0	0																				0|0			老太太乙										passerby052
宫女乙	3	6	0												32	30	100																350	\Settings\DropRate.ini				0	0	0	0	0																				0|0			宫女乙										passerby058
太监甲	3	6	0												26	30	100																350	\Settings\DropRate.ini				0	0	0	0	0																				0|0			太监甲										passerby059
太监乙	3	6	0												38	14	100																350	\Settings\DropRate.ini				0	0	0	0	0																				0|0			太监乙										passerby060
豆汁摊一	3	6	0												32	32	100																350	\Settings\DropRate.ini				0	0	0	0	0																				0|0			豆汁摊一										passerby061_1
豆汁摊二	3	6	0												32	32	100																350	\Settings\DropRate.ini				0	0	0	0	0																				0|0			豆汁摊二										passerby061_2
豆汁摊三	3	6	0												32	32	100																350	\Settings\DropRate.ini				0	0	0	0	0																				0|0			豆汁摊三										passerby061_3
蜀锦绣摊一	3	6	0												38	42	100																350	\Settings\DropRate.ini				0	0	0	0	0																				0|0			蜀锦绣摊一										passerby062_1
蜀锦绣摊二	3	6	0												38	42	100																350	\Settings\DropRate.ini				0	0	0	0	0																				0|0			蜀锦绣摊二										passerby062_2
蜀锦绣摊三	3	6	0												38	42	100																350	\Settings\DropRate.ini				0	0	0	0	0																				0|0			蜀锦绣摊三										passerby062_3
药摊一	3	6	0												38	20	100																350	\Settings\DropRate.ini				0	0	0	0	0																				0|0			药摊一										passerby063_1
药摊二	3	6	0												38	20	100																350	\Settings\DropRate.ini				0	0	0	0	0																				0|0			药摊二										passerby063_2
药摊三	3	6	0												38	20	100																350	\Settings\DropRate.ini				0	0	0	0	0																				0|0			药摊三										passerby063_3
腊驴肉摊一	3	6	0												55	55	100																350	\Settings\DropRate.ini				0	0	0	0	0																				0|0			腊驴肉摊一										passerby064_1
腊驴肉摊二	3	6	0												55	55	100																350	\Settings\DropRate.ini				0	0	0	0	0																				0|0			腊驴肉摊二										passerby064_2
腊驴肉摊三	3	6	0												55	55	100																350	\Settings\DropRate.ini				0	0	0	0	0																				0|0			腊驴肉摊三										passerby064_3
大头菜摊一	3	6	0												22	35	100																350	\Settings\DropRate.ini				0	0	0	0	0																				0|0			大头菜摊一										passerby065_1
大头菜摊二	3	6	0												22	35	100																350	\Settings\DropRate.ini				0	0	0	0	0																				0|0			大头菜摊二										passerby065_2
大头菜摊三	3	6	0												22	35	100																350	\Settings\DropRate.ini				0	0	0	0	0																				0|0			大头菜摊三										passerby065_3
茶摊一	3	6	0												38	34	100																350	\Settings\DropRate.ini				0	0	0	0	0																				0|0			茶摊一										passerby066_1
茶摊二	3	6	0												38	34	100																350	\Settings\DropRate.ini				0	0	0	0	0																				0|0			茶摊二										passerby066_2
茶摊三	3	6	0												38	34	100																350	\Settings\DropRate.ini				0	0	0	0	0																				0|0			茶摊三										passerby066_3
瓷器摊一	3	6	0												32	15	100																350	\Settings\DropRate.ini				0	0	0	0	0																				0|0			瓷器摊一										passerby067_1
瓷器摊二	3	6	0												32	15	100																350	\Settings\DropRate.ini				0	0	0	0	0																				0|0			瓷器摊二										passerby067_2
瓷器摊三	3	6	0												32	15	100																350	\Settings\DropRate.ini				0	0	0	0	0																				0|0			瓷器摊三										passerby067_3
鲜果摊一	3	6	0												32	30	100																350	\Settings\DropRate.ini				0	0	0	0	0																				0|0			鲜果摊一										passerby068_1
鲜果摊二	3	6	0												32	30	100																350	\Settings\DropRate.ini				0	0	0	0	0																				0|0			鲜果摊二										passerby068_2
鲜果摊三	3	6	0												32	30	100																350	\Settings\DropRate.ini				0	0	0	0	0																				0|0			鲜果摊三										passerby068_3
花灯摊一	3	6	0												30	48	100																350	\Settings\DropRate.ini				0	0	0	0	0																				0|0			花灯摊一										passerby069_1
花灯摊二	3	6	0												30	48	100																350	\Settings\DropRate.ini				0	0	0	0	0																				0|0			花灯摊二										passerby069_2
花灯摊三	3	6	0												30	48	100																350	\Settings\DropRate.ini				0	0	0	0	0																				0|0			花灯摊三										passerby069_3
花农一	3	6	0												30	32	100																350	\Settings\DropRate.ini				0	0	0	0	0																				0|0			花农一										passerby070_1
花农二	3	6	0												30	32	100																350	\Settings\DropRate.ini				0	0	0	0	0																				0|0			花农二										passerby070_2
花农三	3	6	0												30	32	100																350	\Settings\DropRate.ini				0	0	0	0	0																				0|0			花农三										passerby070_3
西瓜摊一	3	6	0												18	36	100																350	\Settings\DropRate.ini				0	0	0	0	0																				0|0			西瓜摊一										passerby071_1
西瓜摊二	3	6	0												18	36	100																350	\Settings\DropRate.ini				0	0	0	0	0																				0|0			西瓜摊二										passerby071_2
西瓜摊三	3	6	0												18	36	100																350	\Settings\DropRate.ini				0	0	0	0	0																				0|0			西瓜摊三										passerby071_3
算命先生一	3	6	0												34	45	100																350	\Settings\DropRate.ini				0	0	0	0	0																				0|0			算命先生一										passerby072_1
算命先生二	3	6	0												34	45	100																350	\Settings\DropRate.ini				0	0	0	0	0																				0|0			算命先生二										passerby072_2
算命先生三	3	6	0												34	45	100																350	\Settings\DropRate.ini				0	0	0	0	0																				0|0			算命先生三										passerby072_3
书画摊一	3	6	0												38	38	100																350	\Settings\DropRate.ini				0	0	0	0	0																				0|0			书画摊一										passerby073_1
书画摊二	3	6	0												38	38	100																350	\Settings\DropRate.ini				0	0	0	0	0																				0|0			书画摊二										passerby073_2
书画摊三	3	6	0												38	38	100																350	\Settings\DropRate.ini				0	0	0	0	0																				0|0			书画摊三										passerby073_3
小杂货摊一	3	6	0												38	36	100																350	\Settings\DropRate.ini				0	0	0	0	0																				0|0			小杂货摊一										passerby074_1
小杂货摊二	3	6	0												38	36	100																350	\Settings\DropRate.ini				0	0	0	0	0																				0|0			小杂货摊二										passerby074_2
小杂货摊三	3	6	0												38	36	100																350	\Settings\DropRate.ini				0	0	0	0	0																				0|0			小杂货摊三										passerby074_3
猪肉摊一	3	6	0												38	40	100																350	\Settings\DropRate.ini				0	0	0	0	0																				0|0			猪肉摊一										passerby075_1
猪肉摊二	3	6	0												38	40	100																350	\Settings\DropRate.ini				0	0	0	0	0																				0|0			猪肉摊二										passerby075_2
猪肉摊三	3	6	0												38	40	100																350	\Settings\DropRate.ini				0	0	0	0	0																				0|0			猪肉摊三										passerby075_3
鱼虾摊一	3	6	0												15	16	100																350	\Settings\DropRate.ini				0	0	0	0	0																				0|0			鱼虾摊一										passerby076_1
鱼虾摊二	3	6	0												15	16	100																350	\Settings\DropRate.ini				0	0	0	0	0																				0|0			鱼虾摊二										passerby076_2
鱼虾摊三	3	6	0												15	16	100																350	\Settings\DropRate.ini				0	0	0	0	0																				0|0			鱼虾摊三										passerby076_3
包子摊一	3	6	0												50	50	100																350	\Settings\DropRate.ini				0	0	0	0	0																				0|0			包子摊一										passerby077_1
包子摊二	3	6	0												50	50	100																350	\Settings\DropRate.ini				0	0	0	0	0																				0|0			包子摊二										passerby077_2
包子摊三	3	6	0												50	50	100																350	\Settings\DropRate.ini				0	0	0	0	0																				0|0			包子摊三										passerby077_3
蔬菜摊一	3	6	0												34	32	100																350	\Settings\DropRate.ini				0	0	0	0	0																				0|0			蔬菜摊一										passerby079_1
蔬菜摊二	3	6	0												34	32	100																350	\Settings\DropRate.ini				0	0	0	0	0																				0|0			蔬菜摊二										passerby079_2
蔬菜摊三	3	6	0												34	32	100																350	\Settings\DropRate.ini				0	0	0	0	0																				0|0			蔬菜摊三										passerby079_3
卖冰糖葫芦	3	6	0												17	34	100																350	\Settings\DropRate.ini				0	0	0	0	0																				0|0			卖冰糖葫芦										passerby080
钓鱼翁	3	6	0												84	84	100																350	\Settings\DropRate.ini				0	0	0	0	0																							钓鱼翁										passerby088
江湖人物1	3	6	0												16	28	100																350	\Settings\DropRate.ini				0	0	0	0	0																							江湖人物1										passerby092
江湖人物3	3	6	0												24	57	100																350	\Settings\DropRate.ini				0	0	0	0	0																							江湖人物3										passerby094
江湖人物4	3	6	0												32	32	100																350	\Settings\DropRate.ini				0	0	0	0	0																							江湖人物4										passerby095
江湖人物6	3	6	0												24	49	100																350	\Settings\DropRate.ini				0	0	0	0	0																							江湖人物6										passerby097
老年男子1	3	6	0												22	22	100																350	\Settings\DropRate.ini				0	0	0	0	0																							老年男子1										passerby099
老年男子2	3	6	0												27	45	100																350	\Settings\DropRate.ini				0	0	0	0	0																							老年男子2										passerby100
老年男子3	3	6	0												17	61	100																350	\Settings\DropRate.ini				0	0	0	0	0																							老年男子3										passerby101
老年男子4	3	6	0												17	76	100																350	\Settings\DropRate.ini				0	0	0	0	0																							老年男子4										passerby102
老年男子5	3	6	0												34	62	100																350	\Settings\DropRate.ini				0	0	0	0	0																							老年男子5										passerby103
老年女子1	3	6	0												22	32	100																350	\Settings\DropRate.ini				0	0	0	0	0																							老年女子1										passerby104
老年女子2	3	6	0												24	25	100																350	\Settings\DropRate.ini				0	0	0	0	0																							老年女子2										passerby105
猎户	3	6	0												22	32	100																350	\Settings\DropRate.ini				0	0	0	0	0																							猎户										passerby108
卖花女	3	6	0												24	42	100																350	\Settings\DropRate.ini				0	0	0	0	0																							卖花女										passerby110
乞丐	3	6	0												25	25	100																350	\Settings\DropRate.ini				0	0	0	0	0																							乞丐										passerby112
青年男子3	3	6	0												26	32	100																350	\Settings\DropRate.ini				0	0	0	0	0																							青年男子3										passerby117
青年男子4	3	6	0												22	32	100																350	\Settings\DropRate.ini				0	0	0	0	0																							青年男子4										passerby118
青年男子5	3	6	0												24	36	100																350	\Settings\DropRate.ini				0	0	0	0	0																							青年男子5										passerby119
青年男子6	3	6	0												30	35	100																350	\Settings\DropRate.ini				0	0	0	0	0																							青年男子6										passerby120
青年男子7	3	6	0												26	32	100																350	\Settings\DropRate.ini				0	0	0	0	0																							青年男子7										passerby121
青年男子8	3	6	0												22	24	100																350	\Settings\DropRate.ini				0	0	0	0	0																							青年男子8										passerby122
青年男子9	3	6	0												26	32	100																350	\Settings\DropRate.ini				0	0	0	0	0																							青年男子9										passerby123
青年男子10	3	6	0												22	32	100																350	\Settings\DropRate.ini				0	0	0	0	0																							青年男子10										passerby124
青年男子11	3	6	0												22	32	100																350	\Settings\DropRate.ini				0	0	0	0	0																							青年男子11										passerby125
青年男子13	3	6	0												45	48	100																350	\Settings\DropRate.ini				0	0	0	0	0																							青年男子13										passerby127
青年男子14	3	6	0												46	52	100																350	\Settings\DropRate.ini				0	0	0	0	0																							青年男子14										passerby128
青年男子15	3	6	0												47	33	100																350	\Settings\DropRate.ini				0	0	0	0	0																							青年男子15										passerby129
青年男子16	3	6	0												8	40	100																350	\Settings\DropRate.ini				0	0	0	0	0																							青年男子16										passerby130
青年男子17	3	6	0												49	48	100																350	\Settings\DropRate.ini				0	0	0	0	0																							青年男子17										passerby131
青年男子18	3	6	0												45	58	100																350	\Settings\DropRate.ini				0	0	0	0	0																							青年男子18										passerby132
青年女子1	3	6	0												29	26	100																350	\Settings\DropRate.ini				0	0	0	0	0																							青年女子1										passerby133
青年女子2	3	6	0												30	38	100																350	\Settings\DropRate.ini				0	0	0	0	0																							青年女子2										passerby134
青年女子3	3	6	0												22	32	100																350	\Settings\DropRate.ini				0	0	0	0	0																							青年女子3										passerby135
青年女子4	3	6	0												22	30	100																350	\Settings\DropRate.ini				0	0	0	0	0																							青年女子4										passerby136
青年女子5	3	6	0												26	32	100																350	\Settings\DropRate.ini				0	0	0	0	0																							青年女子5										passerby137
青年女子6	3	6	0												22	32	100																350	\Settings\DropRate.ini				0	0	0	0	0																							青年女子6										passerby138
青年女子7	3	6	0												22	30	100																350	\Settings\DropRate.ini				0	0	0	0	0																							青年女子7										passerby139
青年女子8	3	6	0												30	32	100																350	\Settings\DropRate.ini				0	0	0	0	0																							青年女子8										passerby140
青年女子9	3	6	0												22	24	100																350	\Settings\DropRate.ini				0	0	0	0	0																							青年女子9										passerby141
青年女子10	3	6	0												22	26	100																350	\Settings\DropRate.ini				0	0	0	0	0																							青年女子10										passerby142
青年女子12	3	6	0												22	24	100																350	\Settings\DropRate.ini				0	0	0	0	0																							青年女子12										passerby144
青年女子13	3	6	0												22	32	100																350	\Settings\DropRate.ini				0	0	0	0	0																							青年女子13										passerby145
青年女子14	3	6	0												22	24	100																350	\Settings\DropRate.ini				0	0	0	0	0																							青年女子14										passerby146
青年女子15	3	6	0												30	35	100																350	\Settings\DropRate.ini				0	0	0	0	0																							青年女子15										passerby147
青年女子16	3	6	0												27	33	100																350	\Settings\DropRate.ini				0	0	0	0	0																							青年女子16										passerby148
青年女子17	3	6	0												39	54	100																350	\Settings\DropRate.ini				0	0	0	0	0																							青年女子17										passerby149
青年女子18	3	6	0												30	35	100																350	\Settings\DropRate.ini				0	0	0	0	0																							青年女子18										passerby150
青年女子19	3	6	0												17	33	100																350	\Settings\DropRate.ini				0	0	0	0	0																							青年女子19										passerby151
青年女子20	3	6	0												17	57	100																350	\Settings\DropRate.ini				0	0	0	0	0																							青年女子20										passerby152
青年女子21	3	6	0												17	59	100																350	\Settings\DropRate.ini				0	0	0	0	0																							青年女子21										passerby153
青年女子22	3	6	0												26	37	100																350	\Settings\DropRate.ini				0	0	0	0	0																							青年女子22										passerby154
书生1	3	6	0												25	28	100																350	\Settings\DropRate.ini				0	0	0	0	0																							书生1										passerby157
书生3	3	6	0												22	32	100																350	\Settings\DropRate.ini				0	0	0	0	0																							书生3										passerby159
小男孩1	3	6	0												22	31	100																350	\Settings\DropRate.ini				0	0	0	0	0																							小男孩1										passerby163
小男孩2	3	6	0												22	32	100																350	\Settings\DropRate.ini				0	0	0	0	0																							小男孩2										passerby164
小女孩1	3	6	0												34	28	100																350	\Settings\DropRate.ini				0	0	0	0	0																							小女孩1										passerby165
小女孩3	3	6	0												19	20	100																350	\Settings\DropRate.ini				0	0	0	0	0																							小女孩3										passerby167
小女孩4	3	6	0												22	24	100																350	\Settings\DropRate.ini				0	0	0	0	0																							小女孩4										passerby168
中年男子1	3	6	0												21	24	100																350	\Settings\DropRate.ini				0	0	0	0	0																							中年男子1										passerby169
中年男子2	3	6	0												28	26	100																350	\Settings\DropRate.ini				0	0	0	0	0																							中年男子2										passerby170
中年男子3	3	6	0												22	32	100																350	\Settings\DropRate.ini				0	0	0	0	0																							中年男子3										passerby171
中年男子4	3	6	0												30	30	100																350	\Settings\DropRate.ini				0	0	0	0	0																							中年男子4										passerby172
中年男子5	3	6	0												22	24	100																350	\Settings\DropRate.ini				0	0	0	0	0																							中年男子5										passerby173
中年男子6	3	6	0												22	32	100																350	\Settings\DropRate.ini				0	0	0	0	0																							中年男子6										passerby174
中年男子7	3	6	0												47	69	100																350	\Settings\DropRate.ini				0	0	0	0	0																							中年男子7										passerby175
中年男子8	3	6	0												30	33	100																350	\Settings\DropRate.ini				0	0	0	0	0																							中年男子8										passerby176
中年男子9	3	6	0												30	33	100																350	\Settings\DropRate.ini				0	0	0	0	0																							中年男子9										passerby177
中年男子10	3	6	0												53	54	100																350	\Settings\DropRate.ini				0	0	0	0	0																							中年男子10										passerby178
中年男子11	3	6	0												36	35	100																350	\Settings\DropRate.ini				0	0	0	0	0																							中年男子11										passerby179
中年男子12	3	6	0												14	46	100																350	\Settings\DropRate.ini				0	0	0	0	0																							中年男子12										passerby180
中年男子13	3	6	0												30	30	100																350	\Settings\DropRate.ini				0	0	0	0	0																							中年男子13										passerby181
中年男子14	3	6	0												45	46	100																350	\Settings\DropRate.ini				0	0	0	0	0																							中年男子14										passerby182
中年男子15	3	6	0												38	52	100																350	\Settings\DropRate.ini				0	0	0	0	0																							中年男子15										passerby183
中年男子16	3	6	0												35	34	100																350	\Settings\DropRate.ini				0	0	0	0	0																							中年男子16										passerby184
中年女子1	3	6	0												21	28	100																350	\Settings\DropRate.ini				0	0	0	0	0																							中年女子1										passerby185
中年女子2	3	6	0												22	32	100																350	\Settings\DropRate.ini				0	0	0	0	0																							中年女子2										passerby186
中年女子3	3	6	0												22	30	100																350	\Settings\DropRate.ini				0	0	0	0	0																							中年女子3										passerby187
中年女子4	3	6	0												22	32	100																350	\Settings\DropRate.ini				0	0	0	0	0																							中年女子4										passerby188
中年女子5	3	6	0												58	58	100																350	\Settings\DropRate.ini				0	0	0	0	0																							中年女子5										passerby189
中年女子6	3	6	0												51	65	100																350	\Settings\DropRate.ini				0	0	0	0	0																							中年女子6										passerby190
铁匠老板四	3	6	0												24	24	100																	\Settings\DropRate.ini				0	0	0	0	0																							铁匠老板四										passerby004_4
铁匠学徒乙四	3	6	0												22	22	100																	\Settings\DropRate.ini				0	0	0	0	0																							铁匠学徒乙四										passerby006_4
药店老板一	3	6	0												30	30	100																	\Settings\DropRate.ini				0	0	0	0	0																							药店老板一										passerby007_1
宠物老板娘四	3	6	0												22	22	100																	\Settings\DropRate.ini				0	0	0	0	0																							宠物老板娘四										passerby011_4
钱庄老板四	3	6	0												19	19	100																	\Settings\DropRate.ini				0	0	0	0	0																							钱庄老板四										passerby036_4
马贩子甲四	3	6	0												38	38	100																	\Settings\DropRate.ini				0	0	0	0	0																							马贩子甲四										passerby037_4
Giu Ngua乙四	3	6	0												30	30	100																	\Settings\DropRate.ini				0	0	0	0	0																							车夫乙四										passerby040_4
船夫甲一	3	6	0												26	26	100																	\Settings\DropRate.ini				0	0	0	0	0																							船夫甲一										passerby043_1
船夫乙一	3	6	0												20	20	100																	\Settings\DropRate.ini				0	0	0	0	0																							船夫乙一										passerby044_1
船夫丙一	3	6	0												34	34	100																	\Settings\DropRate.ini				0	0	0	0	0																							船夫丙一										passerby045_1
太监甲一	3	6	0												30	30	100																	\Settings\DropRate.ini				0	0	0	0	0																							太监甲一										passerby059_1
瓷器摊四	3	6	0												32	32	100																	\Settings\DropRate.ini				0	0	0	0	0																							瓷器摊四										passerby067_4
瓷器摊五	3	6	0												32	32	100																	\Settings\DropRate.ini				0	0	0	0	0																							瓷器摊五										passerby067_5									
瓷器摊六	3	6	0												32	32	100																	\Settings\DropRate.ini				0	0	0	0	0																							瓷器摊六										passerby067_6									
鲜果摊四	3	6	0												32	32	100																	\Settings\DropRate.ini				0	0	0	0	0																							鲜果摊四										passerby068_4									
鲜果摊五	3	6	0												32	32	100																	\Settings\DropRate.ini				0	0	0	0	0																							鲜果摊五										passerby068_5									
鲜果摊六	3	6	0												32	32	100																	\Settings\DropRate.ini				0	0	0	0	0																							鲜果摊六										passerby068_6									
算命先生四	3	6	0												34	34	100																	\Settings\DropRate.ini				0	0	0	0	0																							算命先生四										passerby072_4									
小杂货摊四	3	6	0												36	36	100																	\Settings\DropRate.ini				0	0	0	0	0																							小杂货摊四										passerby074_4									
小杂货摊五	3	6	0												36	36	100																	\Settings\DropRate.ini				0	0	0	0	0																							小杂货摊五										passerby074_5									
小杂货摊六	3	6	0												36	36	100																	\Settings\DropRate.ini				0	0	0	0	0																							小杂货摊六										passerby074_6									
猪肉摊四	3	6	0												38	38	100																	\Settings\DropRate.ini				0	0	0	0	0																							猪肉摊四										passerby075_4									
鱼虾摊四	3	6	0												16	16	100																	\Settings\DropRate.ini				0	0	0	0	0																							鱼虾摊四										passerby076_4									
独孤雯	3	6	0												30	33	100																	\Settings\DropRate.ini				0	0	0	0	0																							独孤雯	8	2.5	700	60	5	10	60	6	10	enemy115									
战斗和尚	0	5	0			265	24	20	20	12	6	6	25	25	20	32	100	1	3	5	10	40	72	95	0	0	85	85	85	85	85	1000	400	\Settings\DropRate.ini		50	3600	0	0	0	0	0		天王战意	1|0	行龙不雨	1|0.15	短兵物理攻击	1|0	短兵物理攻击	1|0	3	50|4	5|1	5|1	60|6				2|0.2	5|0.5	5|0.5	10|0.8	5|0.5	战斗和尚	8	2.5	700	60	5	10	60	6	10	enemy176	50	4	10	5	1	10	5	1	10
战斗尼姑	0	5	0			266	26	20	20	12	6	6	25	25	20	26	100	1	3	10	5	70	50	60	0	0	85	85	85	85	85	1000	400	\Settings\DropRate.ini		50	3600	0	0	0	0	0		天王战意	1|0	不灭不绝	1|0.18	短兵物理攻击	1|0	短兵物理攻击	1|0	3	50|4	5|1	5|1	60|6				5|0.8	3|0.3	0|0.1	3|0.3	3|0.3	战斗尼姑	8	2.5	700	60	5	10	60	6	10	enemy177	50	4	10	5	1	10	5	1	10
练功木桩	0	5	0			304	14	20	20	14	0	0	1	1	20	20	100	0	2	0	0	0	0	0	0	0	0|0	0|0	0|0	0|0	0|0	0	350	\Settings\DropRate.ini		4	0	0	0	0	0	0										0	0	0	0	0				0|0	0|0	0|0	0|0	0|0	练功木桩	1	0	700	1	0	10	0	0	10	enemy178	0	0	10	0	0	10	0	0	10
练功木人	0	5	0			305	8	20	20	8	0	0	1	1	20	20	100	0	2	0	0	0	0	0	0	0	0|0	0|0	0|0	0|0	0|0	0	350	\Settings\DropRate.ini		4	0	0	0	0	0	0										0	0	0	0	0				0|0	0|0	0|0	0|0	0|0	练功木人	1	0	700	1	0	10	0	0	10	enemy179	0	0	10	0	0	10	0	0	10
练功沙袋	0	5	0			306	20	20	20	20	0	0	1	1	20	20	100	0	2	0	0	0	0	0	0	0	0|0	0|0	0|0	0|0	0|0	0	350	\Settings\DropRate.ini		4	0	0	0	0	0	0										0	0	0	0	0				0|0	0|0	0|0	0|0	0|0	练功沙袋	1	0	700	1	0	10	0	0	10	enemy180	0	0	10	0	0	10	0	0	10
母猪	5	0	0		1						0	0			36	36		0														0		\Settings\DropRate.ini				0	0	0	0	0																							母猪										critter001									
猪仔	5	0	0		1						0	0			32	36		0														0		\Settings\DropRate.ini				0	0	0	0	0																							猪仔										critter002									
公鸡	5	0	0		1			20	20		2	2			24	36		0	15	200	20	16	8	0	0	0						1000		\Settings\DropRate.ini				0	0	0	0	0																							公鸡										critter003									
母鸡	5	0	0		1			20	20		2	2			24	36		0	15	200	20	16	8	0	0	0						1000		\Settings\DropRate.ini				0	0	0	0	0																							母鸡										critter004									
鸡仔	5	0	0		1			16	16		2	2			18	18		0	15	200	20	16	8	0	0	0						1000		\Settings\DropRate.ini				0	0	0	0	0																							鸡仔										critter005									
黄牛	5	0	0		1						0	0			28	33		0														0		\Settings\DropRate.ini				0	0	0	0	0																							黄牛										critter006									
水牛	5	0	0		1						0	0			30	33		0														0		\Settings\DropRate.ini				0	0	0	0	0																							水牛										critter007									
红马	5	0	0		1						0	0			26	26		0														0		\Settings\DropRate.ini				0	0	0	0	0																							红马										critter008									
白马	5	0	0		1						0	0			26	26		0														0		\Settings\DropRate.ini				0	0	0	0	0																							白马										critter009									
黑马	5	0	0		1						0	0			26	26		0														0		\Settings\DropRate.ini				0	0	0	0	0																							黑马										critter010									
毛驴	5	0	0		1						0	0			26	26		0														0		\Settings\DropRate.ini				0	0	0	0	0																							毛驴										critter011									
黑狗1	5	0	0		1						0	0			28	25		0														0		\Settings\DropRate.ini				0	0	0	0	0																							黑狗1										critter012									
黑狗2	5	0	0		1			18	18		3	3			24	28		0	15	300	30	16	8	0	0	200						1000		\Settings\DropRate.ini				0	0	0	0	0																							黑狗2										critter013									
黄狗1	5	0	0		1						0	0			20	25		0														0		\Settings\DropRate.ini				0	0	0	0	0																							黄狗1										critter014									
黄狗2	5	0	0		1			18	18		3	3			24	28		0	15	300	30	16	8	0	0	200						1000		\Settings\DropRate.ini				0	0	0	0	0																							黄狗2										critter015									
兔子	5	0	0		1			8	8		6	6			20	25		0	16	120	12	6	2	0	0	300						2000		\Settings\DropRate.ini				0	0	0	0	0																							兔子										critter016
老鼠	5	0	0		1			6	6		5	5			6	6		0	14	100	10	3	1	0	0	400						3000		\Settings\DropRate.ini				0	0	0	0	0																							老鼠										critter017
蜻蜓1	4	0	0		1			1	1		7	7			1	1		0	12	180	20	4	1	0	0	0						3000		\Settings\DropRate.ini				0	0	0	0	0																							蜻蜓1										critter018
蜻蜓2	4	0	0		1			1	1		7	7			1	1		0	12	160	30	5	1	0	0	0						3000		\Settings\DropRate.ini				0	0	0	0	0																							蜻蜓2										critter019
蜻蜓3	4	0	0		1			1	1		7	7			1	1		0	12	190	25	4	2	0	0	0						3000		\Settings\DropRate.ini				0	0	0	0	0																							蜻蜓3										critter020
蝴蝶1	4	0	0		1			3	3		5	5			3	3		0	17	110	25	6	2	0	0	0						3000		\Settings\DropRate.ini				0	0	0	0	0																							蝴蝶1										critter021
蝴蝶2	4	0	0		1			3	3		5	5			3	3		0	17	120	30	6	2	0	0	0						3000		\Settings\DropRate.ini				0	0	0	0	0																							蝴蝶2										critter022
蝴蝶3	4	0	0		1			4	4		5	5			4	4		0	17	115	25	6	2	0	0	0						3000		\Settings\DropRate.ini				0	0	0	0	0																							蝴蝶3										critter023
麻雀	4	0	0		1			8	8		8	8			8	8		0	11	280	28	4	1	0	0	0						3000		\Settings\DropRate.ini				0	0	0	0	0																							麻雀										critter024
喜鹊	4	0	0		1			10	10		8	8			10	10		0	11	320	32	4	2	0	0	0						3000		\Settings\DropRate.ini				0	0	0	0	0																							喜鹊										critter025
乌鸦	4	0	0		1			12	12		8	8			12	12		0	11	400	40	3	1	0	0	0						3000		\Settings\DropRate.ini				0	0	0	0	0																							乌鸦										critter026
青蛙	5	0	0		1			12	12		4	4			12	12		0	16	60	10	6	2	0	0	200						3000		\Settings\DropRate.ini				0	0	0	0	0																							青蛙										critter027
青鱼	5	0	0		1			12	12		3	3			12	12		0	13	45	10	5	2	0	0	0						100		\Settings\DropRate.ini				0	0	0	0	0																							青鱼										critter028
鲤鱼	5	0	0		1			12	12		3	3			16	16		0	13	45	10	5	2	0	0	0						100		\Settings\DropRate.ini				0	0	0	0	0																							鲤鱼										critter029
萤火虫	4	0	0		1			122	122						122	122		0																				0	0	0	0	0																							萤火虫										critter030
