名称	道具种类	具体类别	详细类别	动画文件名	对应物件索引	宽度	高度	说明文字	五行属性	价格	等级	是否叠放	基础属性1类型	基础属性1最小值	基础属性1最大值	基础属性2类型	基础属性2最小值	基础属性2最大值	基础属性3类型	基础属性3最小值	基础属性3最大值	基础属性4类型	基础属性4最小值	基础属性4最大值	基础属性5类型	基础属性5最小值	基础属性5最大值	基础属性6类型	基础属性6最小值	基础属性6最大值	基础属性7类型	基础属性7最小值	基础属性7最大值	需求属性1类型	需求属性1数值	需求属性2类型	需求属性2数值	需求属性3类型	需求属性3数值	需求属性4类型	需求属性4数值	需求属性5类型	需求属性5数值	需求属性6类型	需求属性6数值
沙弥帽	0 	7 	0 	\spr\item\equip\cap\obj-cap01.spr	28 	2 	2 	小沙弥戴的帽子。		400 	1 	0 	30 	25 	25 	31 	5 	5 																36 	1 	32 	30 	33 	0 						
僧棉帽	0 	7 	0 	\spr\item\equip\cap\obj-cap01.spr	28 	2 	2 	棉制的和尚帽。		800 	2 	0 	30 	50 	50 	31 	7 	7 																36 	7 	32 	50 	33 	0 						
佛印帽	0 	7 	0 	\spr\item\equip\cap\obj-cap01.spr	28 	2 	2 	上有佛印图案的帽子。		1300 	3 	0 	30 	75 	75 	31 	9 	9 																36 	13 	32 	70 	33 	0 						
僧迦帽	0 	7 	0 	\spr\item\equip\cap\obj-cap02.spr	28 	2 	2 	普通僧侣的帽子。		2000 	4 	0 	30 	100 	100 	31 	11 	11 																36 	19 	32 	90 	33 	0 						
琨庐帽	0 	7 	0 	\spr\item\equip\cap\obj-cap02.spr	28 	2 	2 	品质精良的棉帽。		2500 	5 	0 	30 	125 	125 	31 	13 	13 																36 	26 	32 	110 	33 	0 						
琳莲帽	0 	7 	0 	\spr\item\equip\cap\obj-cap02.spr	28 	2 	2 	以绸缎与精棉合制的帽子。		3600 	6 	0 	30 	150 	150 	31 	15 	15 																36 	33 	32 	130 	33 	0 						
芙蓉帽	0 	7 	0 	\spr\item\equip\cap\obj-cap03.spr	28 	2 	2 	中等僧侣佩戴，上等绸缎制作的帽子。		4600 	7 	0 	30 	175 	175 	31 	17 	17 																36 	40 	32 	150 	33 	0 						
谂仑帽	0 	7 	0 	\spr\item\equip\cap\obj-cap03.spr	28 	2 	2 	丝绸与绸缎合制的帽子，丝绸为点缀用。		5750 	8 	0 	30 	200 	200 	31 	19 	19 																36 	46 	32 	170 	33 	0 						
念宁帽	0 	7 	0 	\spr\item\equip\cap\obj-cap03.spr	28 	2 	2 	高等僧侣戴的帽子。		7050 	9 	0 	30 	225 	225 	31 	21 	21 																36 	53 	32 	190 	33 	0 						
毗卢帽	0 	7 	0 	\spr\item\equip\cap\obj-cap04.spr	28 	2 	2 	上等丝绸帽，上有毗卢佛像，唐僧曾经戴过。		8500 	10 	0 	30 	250 	250 	31 	23 	23 																36 	60 	32 	210 	33 	0 						
一字巾	0 	7 	1 	\spr\item\equip\cap\obj-cap05.spr	28 	2 	2 	青纱制一字形头巾。		400 	1 	0 	30 	20 	20 	31 	8 	8 																36 	1 	32 	20 	33 	0 					37 	4 
结发巾	0 	7 	1 	\spr\item\equip\cap\obj-cap05.spr	28 	2 	2 	青纱制头巾，可以将头发系起来防止风沙。		900 	2 	0 	30 	30 	30 	31 	10 	10 																36 	7 	32 	30 	33 	0 					37 	4 
乾坤巾	0 	7 	1 	\spr\item\equip\cap\obj-cap05.spr	28 	2 	2 	纱制道士常用头巾。		1600 	3 	0 	30 	45 	45 	31 	12 	12 																36 	13 	32 	40 	33 	0 					37 	4 
太极巾	0 	7 	1 	\spr\item\equip\cap\obj-cap06.spr	28 	2 	2 	道士常用丝制头巾。		2500 	4 	0 	30 	60 	60 	31 	14 	14 																36 	19 	32 	50 	33 	0 					37 	4 
八卦巾	0 	7 	1 	\spr\item\equip\cap\obj-cap06.spr	28 	2 	2 	上等丝绸编制，道士常用头巾。		3600 	5 	0 	30 	75 	75 	31 	16 	16 																36 	26 	32 	60 	33 	0 					37 	4 
乾莰巾	0 	7 	1 	\spr\item\equip\cap\obj-cap06.spr	28 	2 	2 	头巾绣有乾莰二字，上等丝绸制。		4900 	6 	0 	30 	90 	90 	31 	18 	18 																36 	33 	32 	70 	33 	0 					37 	4 
五岳冠	0 	7 	1 	\spr\item\equip\cap\obj-cap07.spr	28 	2 	2 	"常用道冠之一, 必须受过戒的方能戴。"		6400 	7 	0 	30 	105 	105 	31 	20 	20 																36 	40 	32 	80 	33 	0 					37 	4 
上清冠	0 	7 	1 	\spr\item\equip\cap\obj-cap07.spr	28 	2 	2 	修为到一定程度的道士才能佩戴。		8100 	8 	0 	30 	120 	120 	31 	22 	22 																36 	46 	32 	90 	33 	0 					37 	4 
星冠	0 	7 	1 	\spr\item\equip\cap\obj-cap07.spr	28 	2 	2 	有名的道士头冠，江南名家所制。		11000 	9 	0 	30 	135 	135 	31 	24 	24 																36 	53 	32 	100 	33 	0 					37 	4 
五老冠	0 	7 	1 	\spr\item\equip\cap\obj-cap08.spr	28 	2 	2 	上等材质制作，为道冠中的极品之作。		15000 	10 	0 	30 	150 	150 	31 	26 	26 																36 	60 	32 	110 	33 	0 					37 	4 
铜盔	0 	7 	2 	\spr\item\equip\cap\obj-cap09.spr	29 	2 	2 	由青铜打造的头盔。		1500 	1 	0 	30 	45 	45 	31 	10 	10 																36 	1 	32 	35 	33 	0 						
半面盔	0 	7 	2 	\spr\item\equip\cap\obj-cap09.spr	29 	2 	2 	遮挡住半边脸，阻挡箭矢的头盔。		2450 	2 	0 	30 	75 	75 	31 	13 	13 																36 	7 	32 	60 	33 	0 						
双面盔	0 	7 	2 	\spr\item\equip\cap\obj-cap09.spr	29 	2 	2 	遮挡整个脸，只露出眼睛的头盔。		4500 	3 	0 	30 	105 	105 	31 	16 	16 																36 	13 	32 	85 	33 	0 						
铁盔	0 	7 	2 	\spr\item\equip\cap\obj-cap10.spr	29 	2 	2 	用精铁打造的头盔。		7400 	4 	0 	30 	135 	135 	31 	19 	19 																36 	19 	32 	110 	33 	0 						
精铜头盔	0 	7 	2 	\spr\item\equip\cap\obj-cap10.spr	29 	2 	2 	用上等精铜打造的头盔。		11000 	5 	0 	30 	165 	165 	31 	22 	22 																36 	26 	32 	135 	33 	0 						
钢盔	0 	7 	2 	\spr\item\equip\cap\obj-cap10.spr	29 	2 	2 	使用精钢打造的头盔。		15000 	6 	0 	30 	195 	195 	31 	25 	25 																36 	33 	32 	160 	33 	0 						
银盔	0 	7 	2 	\spr\item\equip\cap\obj-cap11.spr	29 	2 	2 	纯银外壳的头盔。		20500 	7 	0 	30 	225 	225 	31 	28 	28 																36 	40 	32 	185 	33 	0 						
乌钢盔	0 	7 	2 	\spr\item\equip\cap\obj-cap11.spr	29 	2 	2 	百练乌钢打造的头盔。		26000 	8 	0 	30 	255 	255 	31 	31 	31 																36 	46 	32 	210 	33 	0 						
金盔	0 	7 	2 	\spr\item\equip\cap\obj-cap11.spr	29 	2 	2 	纯金外壳的头盔，防御力不错。		32500 	9 	0 	30 	285 	285 	31 	34 	34 																36 	53 	32 	235 	33 	0 						
掩日盔	0 	7 	2 	\spr\item\equip\cap\obj-cap12.spr	29 	2 	2 	纯金打造，形状颇大的头盔，防御力极强。		40000 	10 	0 	30 	315 	315 	31 	37 	37 																36 	60 	32 	260 	33 	0 						
竹笠	0 	7 	3 	\spr\item\equip\cap\obj-cap13.spr	28 	2 	2 	江南人常用的斗笠。		620 	1 	0 	30 	40 	40 	31 	8 	8 																36 	1 	32 	30 	33 	20 						
渔笠	0 	7 	3 	\spr\item\equip\cap\obj-cap13.spr	28 	2 	2 	渔家常用的斗笠。		1600 	2 	0 	30 	68 	68 	31 	10 	10 																36 	7 	32 	50 	33 	30 				
湛卢草帽	0 	7 	3 	\spr\item\equip\cap\obj-cap13.spr	28 	2 	2 	少见的剑茅草编织成的草帽。		3000 	3 	0 	30 	96 	96 	31 	13 	13 																36 	13 	32 	70 	33 	40 				
茱臾草帽	0 	7 	3 	\spr\item\equip\cap\obj-cap14.spr	28 	2 	2 	使用稀有的茱萸编织的草帽。		4900 	4 	0 	30 	124 	124 	31 	15 	15 																36 	19 	32 	90 	33 	50 				
藤萝草帽	0 	7 	3 	\spr\item\equip\cap\obj-cap14.spr	28 	2 	2 	使用上等藤萝编织的草帽。		6600 	5 	0 	30 	152 	152 	31 	17 	17 																36 	26 	32 	110 	33 	60 				
篱锦草帽	0 	7 	3 	\spr\item\equip\cap\obj-cap14.spr	28 	2 	2 	使用上等藤加丝绸编制的草帽。		10000 	6 	0 	30 	170 	170 	31 	20 	20 																36 	33 	32 	130 	33 	70 				
凤尾草帽	0 	7 	3 	\spr\item\equip\cap\obj-cap15.spr	28 	2 	2 	上等乔木编织并有凤尾状帽尾的草帽。		13500 	7 	0 	30 	192 	192 	31 	22 	22 																36 	40 	32 	150 	33 	80 				
黑巾斗笠	0 	7 	3 	\spr\item\equip\cap\obj-cap15.spr	28 	2 	2 	上有黑巾覆盖的精美斗笠。		16900 	8 	0 	30 	220 	220 	31 	25 	25 																36 	46 	32 	170 	33 	90 				
紫竹斗笠	0 	7 	3 	\spr\item\equip\cap\obj-cap15.spr	28 	2 	2 	用难得一见的紫竹编织的斗笠。		21000 	9 	0 	30 	248 	248 	31 	27 	27 																36 	53 	32 	190 	33 	100 				
墨方竹笠	0 	7 	3 	\spr\item\equip\cap\obj-cap16.spr	28 	2 	2 	纯黑色的方竹编成的竹帽，防御力强。		25600 	10 	0 	30 	276 	276 	31 	30 	30 																36 	60 	32 	210 	33 	110 				
银钗	0 	7 	4 	\spr\item\equip\cap\obj-cap17.spr	30 	2 	2 	纯银制作的小钗。		100 	1 	0 	30 	20 	20 	31 	8 	8 																36 	1 	32 	0 	33 	20 			38 	1 
银帘钗	0 	7 	4 	\spr\item\equip\cap\obj-cap17.spr	30 	2 	2 	纯银制作的翻帘式小钗。		400 	2 	0 	30 	40 	40 	31 	10 	10 																36 	7 	32 	0 	33 	25 			38 	1 
银链钗	0 	7 	4 	\spr\item\equip\cap\obj-cap17.spr	30 	2 	2 	纯银制作链式钗。		900 	3 	0 	30 	60 	60 	31 	13 	13 																36 	13 	32 	0 	33 	30 			38 	1 
银环钗	0 	7 	4 	\spr\item\equip\cap\obj-cap18.spr	30 	2 	2 	纯银制作的环状钗。		1600 	4 	0 	30 	80 	80 	31 	15 	15 																36 	19 	32 	0 	33 	35 			38 	1 
金钗	0 	7 	4 	\spr\item\equip\cap\obj-cap18.spr	30 	2 	2 	纯金制作的小钗。		2500 	5 	0 	30 	100 	100 	31 	17 	17 																36 	26 	32 	0 	33 	40 			38 	1 
金环钗	0 	7 	4 	\spr\item\equip\cap\obj-cap18.spr	30 	2 	2 	纯金制作的环状钗，闺中少女爱用之物。		3600 	6 	0 	30 	120 	120 	31 	20 	20 																36 	33 	32 	0 	33 	45 			38 	1 
金步摇	0 	7 	4 	\spr\item\equip\cap\obj-cap19.spr	30 	2 	2 	精美小钗，悬有多片金叶，贵妇典型装饰。		4900 	7 	0 	30 	140 	140 	31 	22 	22 																36 	40 	32 	0 	33 	50 			38 	1 
翡翠钗	0 	7 	4 	\spr\item\equip\cap\obj-cap19.spr	30 	2 	2 	精品翡翠制作的小钗。		6400 	8 	0 	30 	160 	160 	31 	25 	25 																36 	46 	32 	0 	33 	55 			38 	1 
蓝玉钗	0 	7 	4 	\spr\item\equip\cap\obj-cap19.spr	30 	2 	2 	稀有蓝玉制作的小钗。		8100 	9 	0 	30 	180 	180 	31 	27 	27 																36 	53 	32 	0 	33 	60 			38 	1 
珍珠五凤钗	0 	7 	4 	\spr\item\equip\cap\obj-cap20.spr	30 	2 	2 	珍珠加翡翠制成的小钗，刻有五凤齐飞图。		10000 	10 	0 	30 	200 	200 	31 	30 	30 																36 	60 	32 	0 	33 	65 			38 	1 
束发铜环	0 	7 	5 	\spr\item\equip\cap\obj-cap21.spr	28 	2 	2 	用来束系长发的铜制头环。		250 	1 	0 	30 	25 	25 	31 	8 	8 																36 	1 	32 	30 	33 	20 				
精铜发环	0 	7 	5 	\spr\item\equip\cap\obj-cap21.spr	28 	2 	2 	精铜打造的头环。		650 	2 	0 	30 	50 	50 	31 	10 	10 																36 	7 	32 	45 	33 	25 				
束发玉环	0 	7 	5 	\spr\item\equip\cap\obj-cap21.spr	28 	2 	2 	用真玉加工出的头环。		1500 	3 	0 	30 	75 	75 	31 	13 	13 																36 	13 	32 	60 	33 	30 				
束发银环	0 	7 	5 	\spr\item\equip\cap\obj-cap22.spr	28 	2 	2 	纯银加工的头环。		2500 	4 	0 	30 	100 	100 	31 	15 	15 																36 	19 	32 	75 	33 	35 				
束发金环	0 	7 	5 	\spr\item\equip\cap\obj-cap22.spr	28 	2 	2 	纯金加工的头环。		3650 	5 	0 	30 	125 	125 	31 	17 	17 																36 	26 	32 	90 	33 	40 				
彩蝶双玉环	0 	7 	5 	\spr\item\equip\cap\obj-cap22.spr	28 	2 	2 	精玉加工的头环，雕有双飞彩蝶。		5000 	6 	0 	30 	150 	150 	31 	20 	20 																36 	33 	32 	105 	33 	45 				
水晶头环	0 	7 	5 	\spr\item\equip\cap\obj-cap23.spr	28 	2 	2 	稀有水晶加工的头环。		7400 	7 	0 	30 	175 	175 	31 	22 	22 																36 	40 	32 	120 	33 	50 				
翡翠玉环	0 	7 	5 	\spr\item\equip\cap\obj-cap23.spr	28 	2 	2 	稀有翡翠加工的头环。		10000 	8 	0 	30 	200 	200 	31 	25 	25 																36 	46 	32 	135 	33 	55 				
白金头环	0 	7 	5 	\spr\item\equip\cap\obj-cap23.spr	28 	2 	2 	稀有白金加工的头环，是身分的象征。		12100 	9 	0 	30 	225 	225 	31 	27 	27 																36 	53 	32 	150 	33 	60 				
映日头环	0 	7 	5 	\spr\item\equip\cap\obj-cap24.spr	28 	2 	2 	稀有翡翠加工，上部嵌有名贵水晶反光的头环。		15000 	10 	0 	30 	250 	250 	31 	30 	30 																36 	60 	32 	165 	33 	65 				
布帽	0 	7 	6 	\spr\item\equip\cap\obj-cap25.spr	28 	2 	2 	普通平民常用的帽子。		250 	1 	0 	30 	20 	20 	31 	8 	8 																36 	1 	32 	0 	33 	20 			38 	0 
平顶帽	0 	7 	6 	\spr\item\equip\cap\obj-cap25.spr	28 	2 	2 	粗布制的帽子，比一般布帽耐久性高一点。		650 	2 	0 	30 	40 	40 	31 	10 	10 																36 	7 	32 	0 	33 	25 			38 	0 
布绒帽	0 	7 	6 	\spr\item\equip\cap\obj-cap25.spr	28 	2 	2 	平民常用帽，比较保暖		1500 	3 	0 	30 	60 	60 	31 	13 	13 																36 	13 	32 	0 	33 	30 			38 	0 
鹰羽帽	0 	7 	6 	\spr\item\equip\cap\obj-cap26.spr	28 	2 	2 	据说用鹰羽制成，实际上就是一般鸟毛做的。		2500 	4 	0 	30 	80 	80 	31 	15 	15 																36 	19 	32 	0 	33 	35 			38 	0 
旖丝帽	0 	7 	6 	\spr\item\equip\cap\obj-cap26.spr	28 	2 	2 	精品丝制帽，式样华丽。		3650 	5 	0 	30 	100 	100 	31 	17 	17 																36 	26 	32 	0 	33 	40 			38 	0 
汉地金丝帽	0 	7 	6 	\spr\item\equip\cap\obj-cap26.spr	28 	2 	2 	"帽顶复以金丝缎，边沿镶以丝带,保暖性很好。"		5000 	6 	0 	30 	120 	120 	31 	20 	20 																36 	33 	32 	0 	33 	45 			38 	0 
朱绮帽	0 	7 	6 	\spr\item\equip\cap\obj-cap27.spr	28 	2 	2 	精品丝制帽，红色丝巾编制，式样大方。		7400 	7 	0 	30 	140 	140 	31 	22 	22 																36 	40 	32 	0 	33 	50 			38 	0 
莹珏帽	0 	7 	6 	\spr\item\equip\cap\obj-cap27.spr	28 	2 	2 	精品丝制帽，上有翡翠点缀，颇为值钱。		10000 	8 	0 	30 	160 	160 	31 	25 	25 																36 	46 	32 	0 	33 	55 			38 	0 
蚕丝帽	0 	7 	6 	\spr\item\equip\cap\obj-cap27.spr	28 	2 	2 	采用精选蚕丝编织的帽子，舒适高贵。		12100 	9 	0 	30 	180 	180 	31 	27 	27 																36 	53 	32 	0 	33 	60 			38 	0 
乌蚕帽	0 	7 	6 	\spr\item\equip\cap\obj-cap28.spr	28 	2 	2 	用乌蚕丝编制的帽子，非常名贵。		15000 	10 	0 	30 	200 	200 	31 	30 	30 																36 	60 	32 	0 	33 	65 			38 	0 
皮帽	0 	7 	7 	\spr\item\equip\cap\obj-cap29.spr	28 	2 	2 	兽皮制成的帽子。		250 	1 	0 	30 	25 	25 	31 	8 	8 																36 	1 	32 	30 	33 	20 			38 	0 
乌皮帽	0 	7 	7 	\spr\item\equip\cap\obj-cap29.spr	28 	2 	2 	使用上等兽皮加工制成的帽子。		650 	2 	0 	30 	50 	50 	31 	10 	10 																36 	7 	32 	45 	33 	25 			38 	0 
白棉帽	0 	7 	7 	\spr\item\equip\cap\obj-cap29.spr	28 	2 	2 	白色上等棉制成的帽子。		1500 	3 	0 	30 	75 	75 	31 	13 	13 																36 	13 	32 	60 	33 	30 			38 	0 
皮胄	0 	7 	7 	\spr\item\equip\cap\obj-cap30.spr	28 	2 	2 	上等兽皮加工而成的防护帽，有很强的抗打击性。		2500 	4 	0 	30 	100 	100 	31 	15 	15 																36 	19 	32 	75 	33 	35 			38 	0 
铜胄	0 	7 	7 	\spr\item\equip\cap\obj-cap30.spr	28 	2 	2 	铜打造的防护帽，一般士兵常用。		3650 	5 	0 	30 	125 	125 	31 	17 	17 																36 	26 	32 	90 	33 	40 			38 	0 
精铜胄	0 	7 	7 	\spr\item\equip\cap\obj-cap30.spr	28 	2 	2 	精铜打造的防护盔。		5000 	6 	0 	30 	150 	150 	31 	20 	20 																36 	33 	32 	105 	33 	45 			38 	0 
赤豚皮帽	0 	7 	7 	\spr\item\equip\cap\obj-cap31.spr	28 	2 	2 	暂缺上等河豚皮制作的防护帽。		7400 	7 	0 	30 	175 	175 	31 	22 	22 																36 	40 	32 	120 	33 	50 			38 	0 
虎皮帽	0 	7 	7 	\spr\item\equip\cap\obj-cap31.spr	28 	2 	2 	上等虎皮制作的防护帽。		10000 	8 	0 	30 	200 	200 	31 	25 	25 																36 	46 	32 	135 	33 	55 			38 	0 
貂皮帽	0 	7 	7 	\spr\item\equip\cap\obj-cap31.spr	28 	2 	2 	上等貂皮制作的防护帽。		12100 	9 	0 	30 	225 	225 	31 	27 	27 																36 	53 	32 	150 	33 	60 			38 	0 
玄犀皮帽	0 	7 	7 	\spr\item\equip\cap\obj-cap32.spr	28 	2 	2 	稀有犀牛皮裹着精铁制成的防护帽。		15000 	10 	0 	30 	250 	250 	31 	30 	30 																36 	60 	32 	165 	33 	65 			38 	0 
儒巾	0 	7 	8 	\spr\item\equip\cap\obj-cap33.spr	28 	2 	2 	秀才常用的头巾，随处可见。		250 	1 	0 	30 	40 	40 	31 	8 	8 																36 	1 	32 	30 	33 	30 			38 	0 
进贤冠	0 	7 	8 	\spr\item\equip\cap\obj-cap33.spr	28 	2 	2 	秀才常用的头冠。		650 	2 	0 	30 	70 	70 	31 	10 	10 																36 	7 	32 	45 	33 	45 			38 	0 
越美冠	0 	7 	8 	\spr\item\equip\cap\obj-cap33.spr	28 	2 	2 	文人常用的头冠。		1500 	3 	0 	30 	100 	100 	31 	13 	13 																36 	13 	32 	60 	33 	60 			38 	0 
飞燕冠	0 	7 	8 	\spr\item\equip\cap\obj-cap34.spr	28 	2 	2 	精美头冠，名士喜用。		2500 	4 	0 	30 	130 	130 	31 	15 	15 																36 	19 	32 	75 	33 	75 			38 	0 
貂蝉冠	0 	7 	8 	\spr\item\equip\cap\obj-cap34.spr	28 	2 	2 	重檐头冠，精致纤细。		3650 	5 	0 	30 	160 	160 	31 	17 	17 																36 	26 	32 	90 	33 	90 			38 	0 
琅琊冠	0 	7 	8 	\spr\item\equip\cap\obj-cap34.spr	28 	2 	2 	名匠制作的头冠，戴上去器宇非凡。		5000 	6 	0 	30 	190 	190 	31 	20 	20 																36 	33 	32 	105 	33 	105 			38 	0 
璎珞冠	0 	7 	8 	\spr\item\equip\cap\obj-cap35.spr	28 	2 	2 	镶有璎珞玉石的头冠，精美雅致，深受文人的喜爱。		7400 	7 	0 	30 	220 	220 	31 	22 	22 																36 	40 	32 	120 	33 	120 			38 	0 
紫金冠	0 	7 	8 	\spr\item\equip\cap\obj-cap35.spr	28 	2 	2 	用白金和高级宝石制作，非常精致。		10000 	8 	0 	30 	250 	250 	31 	25 	25 																36 	46 	32 	135 	33 	135 			38 	0 
七宝冠	0 	7 	8 	\spr\item\equip\cap\obj-cap35.spr	28 	2 	2 	名贵头冠，通常为御赐之物。		12100 	9 	0 	30 	280 	280 	31 	27 	27 																36 	53 	32 	150 	33 	150 			38 	0 
通天冠	0 	7 	8 	\spr\item\equip\cap\obj-cap36.spr	28 	2 	2 	精美头冠，有金博山等装饰，为皇帝佩戴之物。		15000 	10 	0 	30 	310 	310 	31 	30 	30 																36 	60 	32 	165 	33 	165 			38 	0 
