名称	道具种类	具体类别	详细类别	动画文件名	对应物件索引	宽度	高度	说明文字	五行属性	价格	等级	是否叠放	基础属性1类型	基础属性1最小值	基础属性1最大值	基础属性2类型	基础属性2最小值	基础属性2最大值	基础属性3类型	基础属性3最小值	基础属性3最大值	基础属性4类型	基础属性4最小值	基础属性4最大值	基础属性5类型	基础属性5最小值	基础属性5最大值	基础属性6类型	基础属性6最小值	基础属性6最大值	基础属性7类型	基础属性7最小值	基础属性7最大值	需求属性1类型	需求属性1数值	需求属性2类型	需求属性2数值	需求属性3类型	需求属性3数值	需求属性4类型	需求属性4数值	需求属性5类型	需求属性5数值	需求属性6类型	需求属性6数值
金钱镖	0	1	0	\spr\item\equip\rangeweapon\obj-adart01.spr	15	1	1	就是普通的铜钱。		20	1	1	28	4	4	29	7	7	167	0	0	31	50	50										36	0	32	0	33	30						
少林枣仁镖	0	1	0	\spr\item\equip\rangeweapon\obj-adart01.spr	15	1	1	铜制暗器，小巧如枣核。		30	2	1	28	5	5	29	10	10	167	0	0	31	50	50										36	8	32	10	33	45						
燕子镖	0	1	0	\spr\item\equip\rangeweapon\obj-adart01.spr	15	1	1	尾带燕翼，飞行平稳，命中准确。		40	3	1	28	7	7	29	14	14	167	0	0	31	50	50										36	16	32	15	33	60						
十字镖	0	1	0	\spr\item\equip\rangeweapon\obj-adart02.spr	15	1	1	传到倭国后为忍者喜用，但只会大把乱扔。		60	4	1	28	8	8	29	17	17	167	0	0	31	50	50										36	24	32	20	33	75						
柳叶镖	0	1	0	\spr\item\equip\rangeweapon\obj-adart02.spr	15	1	1	窄如柳叶，需要很高的技巧才能打准。		80	5	1	28	10	10	29	21	21	167	0	0	31	50	50										36	32	32	30	33	90						
飞蝗镖	0	1	0	\spr\item\equip\rangeweapon\obj-adart02.spr	15	1	1	身带两翼，尾生倒钩，很厉害的暗器。		100	6	1	28	11	11	29	24	24	167	0	0	31	50	50										36	40	32	40	33	105						
少林亮银飞镖	0	1	0	\spr\item\equip\rangeweapon\obj-adart03.spr	15	1	1	出家人慈悲为本，暗器也作得显眼。		140	7	1	28	13	13	29	28	28	167	0	0	31	50	50										36	48	32	50	33	120						
蝴蝶镖	0	1	0	\spr\item\equip\rangeweapon\obj-adart03.spr	15	1	1	形如蝴蝶，能在空中回翔。		180	8	1	28	14	14	29	31	31	167	0	0	31	50	50										36	56	32	60	33	135						
金镖	0	1	0	\spr\item\equip\rangeweapon\obj-adart03.spr	15	1	1	黄金铸造，沉重锋利，需要很大的腕力。		250	9	1	28	16	16	29	35	35	167	0	0	31	50	50										36	64	32	70	33	150						
霸王镖	0	1	0	\spr\item\equip\rangeweapon\obj-adart04.spr	15	1	1	此镖其实叫明器更合适，体形巨大傲气凌人。		330	10	1	28	17	17	29	38	38	167	0	0	31	50	50										36	72	32	80	33	155						
飞刀	0	1	1	\spr\item\equip\rangeweapon\obj-adart11.spr	15	1	1	这种飞刀除非是高手使用，否则没什么伤害力。		20	1	1	28	6	6	29	9	9	167	-20	-20	31	50	50										36	0	32	20	33	30						
飞石	0	1	1	\spr\item\equip\rangeweapon\obj-adart12.spr	15	1	1	随地可见的碎石，被挑选之后成了武器。		30	2	1	28	7	7	29	12	12	167	-20	-20	31	50	50										36	8	32	28	33	40						
柳叶刀	0	1	1	\spr\item\equip\rangeweapon\obj-adart11.spr	15	1	1	刀身极薄，速度很快。		40	3	1	28	9	9	29	16	16	167	-20	-20	31	50	50										36	16	32	39	33	50						
飞蝗石	0	1	1	\spr\item\equip\rangeweapon\obj-adart13.spr	15	1	1	体形细长，难以取准，要较高的手法。		60	4	1	28	10	10	29	19	19	167	-20	-20	31	50	50										36	24	32	49	33	60						
带衣刀	0	1	1	\spr\item\equip\rangeweapon\obj-adart11.spr	15	1	1	合金打造，使用简单，杀伤力不低。		80	5	1	28	12	12	29	23	23	167	-20	-20	31	50	50										36	32	32	59	33	70						
山核桃	0	1	1	\spr\item\equip\rangeweapon\obj-adart13.spr	15	1	1	青铜铸造，圆如核桃，但也能碎人筋骨。		100	6	1	28	13	13	29	26	26	167	-20	-20	31	50	50										36	40	32	69	33	80
光杆刀	0	1	1	\spr\item\equip\rangeweapon\obj-adart12.spr	15	1	1	无柄飞刀，只能以指力发出，使用难度很高。		140	7	1	28	15	15	29	30	30	167	-20	-20	31	50	50										36	48	32	79	33	90
如意珠	0	1	1	\spr\item\equip\rangeweapon\obj-adart13.spr	15	1	1	随心所向，百发百中，非常好用的暗器。		180	8	1	28	16	16	29	33	33	167	-20	-20	31	50	50										36	56	32	89	33	100
毒刀	0	1	1	\spr\item\equip\rangeweapon\obj-adart12.spr	15	1	1	暗藏机关，并非淬毒而是制造者心毒。		300	9	1	28	18	18	29	37	37	167	-20	-20	31	50	50										36	64	32	99	33	110
碎月珠	0	1	1	\spr\item\equip\rangeweapon\obj-adart14.spr	15	1	1	白金铸造，中者如水月碎逝无形。		330	10	1	28	19	19	29	40	40	167	-20	-20	31	50	50										36	72	32	109	33	120
袖箭	0	1	2	\spr\item\equip\rangeweapon\obj-adart21.spr	17	1	3	藏于袖中，按机括可发，但力度很小。		150	1	0	28	2	2	29	5	5	167	0	0	31	28	28										36	0	32	15	33	35
足底针	0	1	2	\spr\item\equip\rangeweapon\obj-adart24.spr	17	2	2	藏于足底，一踩即可发出，防不胜防。		400	2	0	28	3	3	29	8	8	167	0	0	31	46	46										36	8	32	20	33	50
精装袖箭	0	1	2	\spr\item\equip\rangeweapon\obj-adart21.spr	17	1	3	强力机括发射的袖箭。		1000	3	0	28	5	5	29	12	12	167	0	0	31	42	42										36	16	32	25	33	70
青峰钉	0	1	2	\spr\item\equip\rangeweapon\obj-adart24.spr	17	2	2	用针筒发射，可藏袖中，难以防备。		1600	4	0	28	6	6	29	15	15	167	0	0	31	65	65										36	24	32	30	33	90
背装弩	0	1	2	\spr\item\equip\rangeweapon\obj-adart22.spr	16	2	2	阴险的暗器，装于背后，低头射出，防不胜防。		3000	5	0	28	8	8	29	19	19	167	0	0	31	88	88										36	32	32	35	33	110
含沙射影	0	1	2	\spr\item\equip\rangeweapon\obj-adart25.spr	17	2	2	藏于胸前，发时无征无兆，很厉害的暗器。		3500	6	0	28	9	9	29	22	22	167	0	0	31	84	84										36	40	32	40	33	130
破甲弩	0	1	2	\spr\item\equip\rangeweapon\obj-adart22.spr	16	2	2	强力弹簧制成的袖箭，能穿重甲。		6500	7	0	28	11	11	29	26	26	167	0	0	31	118	118										36	48	32	45	33	150
暴雨梨花针	0	1	2	\spr\item\equip\rangeweapon\obj-adart25.spr	17	2	2	唐门独门暗器，数量多，力度强，称雄一时。		7500	8	0	28	12	12	29	29	29	167	0	0	31	103	103										36	56	32	50	33	170
诸葛弩	0	1	2	\spr\item\equip\rangeweapon\obj-adart23.spr	16	2	2	利用武侯遗法改装的背弩，力度超强。		10000	9	0	28	14	14	29	33	33	167	0	0	31	148	148										36	64	32	55	33	190
孔雀翎	0	1	2	\spr\item\equip\rangeweapon\obj-adart26.spr	17	2	2	神秘的暗器，见过的人都死于非命。		15000	10	0	28	15	15	29	36	36	167	0	0	31	121	121										36	72	32	60	33	210
